189.802
187.452
186.469
188.154
186.176
188.418
184.897
185.928
190.269
187.496
183.911
188.828
187.017
186.17
187.606
184.486
187.106
187.554
186.055
186.209
188.267
186.767
188.406
190.969
188.656
184.388
186.695
187.175
183.268
188.653
188.038
184.476
186.431
186.025
189.941
187.132
184.423
188.362
186.017
186.018
186.409
189.838
184.312
186.046
186.472
186.678
185.807
185.192
185.977
184.528
184.221
183.204
192.868
188.569
183.903
185.533
188.511
185.077
186.281
184.207
188.212
184.983
185.786
187.353
188.184
189.372
187.567
192.417
188.836
187.17
186.061
188.013
190.212
185.751
189.336
191.324
188.7
184.825
183.984
188.817
187.731
192.987
187.794
187.206
188.77
184.864
190.303
191.642
185.708
189.514
183.144
186.767
182.473
190.132
186.669
186.986
187.36
186.98
190.72
183.95
182.89
185.146
185.845
186.93
185.178
187.715
192.594
189.378
186.216
185.201
184.877
188.2
189.159
187.023
185.062
185.315
187.331
184.456
186.904
187.302
185.325
187.094
186.181
189.229
190.922
185.384
188.003
189.512
186.292
188.53
187.287
187.778
187.45
