10
102
38
97
125
149
127
129
157
161
147
138
64
23
53
92
12
66
129
13
138
154
102
136
69
61
47
64
181
177
143
50
135
156
180
47
53
47
114
14
12
185
120
122
46
62
17
172
108
88
33
48
80
32
19
103
80
57
122
155
47
16
58
81
78
132
120
6
2
77
164
109
42
70
171
25
5
86
129
8
77
29
125
113
147
2
62
172
130
10
106
34
118
37
43
60
105
103
20
138
62
62
96
82
82
141
28
174
42
174
159
148
127
196
29
22
48
18
21
57
84
131
33
42
7
2
60
80
194
135
36
62
52
9
37
157
115
61
21
52
108
70
114
86
34
129
40
135
26
44
83
1
18
127
79
69
36
56
2
37
61
113
72
144
34
41
28
76
129
95
94
45
59
53
37
14
119
61
68
87
117
129
48
153
174
110
187
45
190
47
7
32
193
107
158
71
142
3
25
36
53
190
83
28
37
33
51
84
171
42
120
166
74
132
40
101
168
164
116
5
108
38
10
174
92
68
90
95
83
90
62
25
167
17
105
173
147
69
153
2
187
148
50
156
81
26
27
54
184
69
186
48
90
72
169
99
137
169
176
127
131
78
52
52
14
66
153
151
98
9
38
64
23
38
32
17
182
91
144
58
86
61
34
31
86
36
56
173
140
156
126
29
171
144
143
31
19
15
155
64
24
21
183
77
124
55
109
52
185
107
114
2
15
98
63
58
117
29
155
31
86
95
31
74
52
59
106
130
57
143
63
91
57
132
42
114
82
43
127
17
104
63
151
170
118
119
1
22
33
77
13
74
74
49
26
68
44
182
43
6
169
110
96
12
58
165
125
17
37
79
173
30
64
83
164
17
31
48
109
85
159
142
23
77
147
36
185
78
91
68
75
11
53
110
111
110
100
54
95
61
24
72
100
8
162
120
109
141
102
96
169
111
54
50
3
73
125
158
49
108
155
26
169
139
65
185
100
16
53
184
152
95
21
10
166
92
7
75
147
6
142
107
12
136
171
35
89
76
21
108
172
8
46
95
50
44
66
131
186
80
2
25
12
143
171
48
7
19
53
127
39
23
90
160
33
108
151
59
75
40
113
101
154
39
167
36
1
174
42
184
63
2
58
14
97
22
162
161
77
183
17
154
145
97
72
27
9
15
173
122
26
37
29
164
84
108
177
2
115
125
33
3
99
17
29
177
40
158
139
41
40
7
88
168
117
31
81
143
180
59
108
37
6
1
59
164
99
41
53
69
34
190
177
151
2
19
176
13
186
53
148
91
150
29
94
126
8
124
63
22
10
37
93
35
164
60
105
41
117
161
82
117
45
23
51
150
105
7
96
180
54
149
133
105
125
131
22
26
48
51
37
192
38
118
30
36
32
16
90
133
8
12
4
196
77
37
177
97
97
53
15
82
163
67
192
113
60
93
31
193
88
38
161
84
8
123
77
10
78
119
126
23
77
99
34
40
25
50
45
92
137
58
140
112
69
125
16
160
4
92
187
39
50
109
68
148
87
129
100
101
117
90
142
58
193
106
152
146
57
50
84
74
22
177
50
11
64
69
10
28
1
132
64
28
107
57
132
66
176
113
21
16
157
122
8
78
179
176
95
10
98
71
118
52
112
174
41
81
114
140
94
171
58
86
136
49
129
5
83
93
179
76
129
166
182
105
46
6
146
10
178
165
132
127
56
32
128
67
60
126
104
160
47
53
152
33
121
48
98
74
131
156
46
51
125
118
27
164
29
195
104
10
88
113
82
65
19
62
172
141
65
41
81
27
174
152
25
10
4
9
134
12
47
65
106
57
124
70
147
147
4
108
79
1
138
92
123
151
84
88
11
13
121
137
56
111
18
103
106
1
122
71
100
56
98
94
4
133
158
98
177
96
19
133
4
32
24
5
19
21
24
146
121
147
142
44
93
23
119
102
171
8
112
147
70
62
34
164
28
98
178
93
2
25
27
140
67
63
84
183
160
64
170
108
10
35
122
13
69
99
32
91
48
171
118
92
7
84
76
114
86
147
28
76
28
76
103
101
100
32
34
75
186
95
103
1
138
2
46
35
134
167
101
11
166
91
179
130
124
117
63
168
119
113
152
15
104
40
121
24
66
20
141
129
171
48
181
106
165
75
91
90
151
77
92
78
95
7
85
83
13
153
82
67
157
108
132
4
155
100
22
128
83
34
188
3
74
113
70
47
70
34
122
140
43
175
16
114
75
150
3
135
153
37
146
58
19
69
64
185
110
55
65
50
144
132
46
38
19
151
85
27
153
86
67
97
46
21
37
102
17
90
129
135
29
190
12
185
136
3
92
112
15
173
94
166
64
123
17
19
10
31
173
115
147
137
135
82
79
167
144
76
45
133
132
25
46
86
39
113
184
38
174
40
97
79
8
26
58
59
25
137
56
165
104
75
45
171
79
67
40
165
77
113
56
10
94
102
99
82
16
80
116
189
9
107
99
46
103
43
91
123
2
122
50
12
89
72
6
106
146
34
17
111
111
86
126
25
150
63
39
35
9
102
67
142
56
34
1
100
95
43
39
46
46
137
182
112
100
12
63
115
69
45
9
22
105
54
5
113
88
165
86
34
145
9
119
20
19
90
40
6
124
81
127
84
79
82
159
51
19
177
14
163
66
159
15
75
26
38
40
39
27
11
53
65
49
34
97
50
21
87
6
130
178
95
55
119
78
14
69
126
95
14
10
154
48
187
10
31
97
40
160
6
174
44
60
28
123
161
129
138
23
15
123
18
164
105
110
179
49
147
44
51
109
125
85
195
84
161
64
66
161
68
93
54
90
43
31
10
94
32
39
131
164
105
62
51
138
132
58
141
88
168
146
84
39
7
43
32
30
155
63
91
112
171
105
116
122
146
31
159
116
27
62
26
99
158
126
67
83
30
104
179
2
29
74
84
20
101
164
34
54
174
114
149
79
156
110
139
171
177
144
25
52
116
53
121
97
122
33
179
172
97
102
92
19
62
6
42
12
171
107
44
127
61
74
7
40
165
29
63
66
76
132
7
47
76
140
166
54
107
18
57
141
117
115
49
12
45
139
73
99
156
100
80
87
7
1
39
61
39
24
73
1
156
25
37
140
177
22
14
17
182
94
142
127
129
4
108
107
74
8
100
81
67
18
43
95
85
160
183
98
38
171
12
43
177
115
78
28
147
160
77
44
35
45
48
136
63
28
5
189
88
60
164
126
8
105
61
10
4
133
68
31
114
159
58
127
43
20
32
82
34
102
3
106
163
50
23
40
187
50
128
124
60
19
69
68
64
69
126
67
101
69
109
34
112
78
70
23
152
144
115
94
63
182
100
178
146
95
49
80
35
100
176
157
23
113
92
96
118
69
126
63
12
36
199
32
96
158
23
33
50
17
136
76
62
40
11
56
59
11
124
53
77
62
195
59
140
125
71
15
96
81
165
67
26
10
75
1
162
154
71
101
42
114
35
155
122
131
59
59
22
17
36
50
52
167
123
199
67
3
161
30
67
56
69
90
145
51
150
163
19
20
113
11
161
78
127
158
19
126
16
86
173
21
47
17
171
180
105
198
126
193
72
115
50
51
91
89
106
87
41
106
127
99
118
65
96
30
104
126
97
53
164
163
130
97
168
197
13
103
33
95
107
156
64
2
24
92
59
108
16
15
121
13
55
136
83
172
80
68
171
153
37
82
51
63
113
47
86
63
170
78
132
47
72
19
44
2
26
95
86
128
37
160
70
44
80
59
138
21
19
16
32
21
140
38
168
108
94
37
165
143
83
114
33
112
38
13
92
11
24
14
69
22
85
79
144
137
15
92
58
112
117
78
28
108
21
30
51
75
135
14
133
191
2
82
100
79
126
60
156
167
32
124
195
80
33
4
69
60
117
95
15
105
138
28
58
129
66
152
154
138
74
3
42
100
85
104
109
35
155
44
48
138
101
170
103
185
125
79
87
142
85
17
111
76
98
89
106
165
162
183
28
176
13
138
146
1
61
99
2
70
30
32
97
56
67
15
184
38
32
146
113
180
102
171
11
187
92
59
149
32
185
69
182
63
63
51
135
196
12
63
156
22
161
16
136
116
16
79
57
42
162
5
30
109
11
74
99
112
34
135
150
88
143
2
86
119
72
20
82
105
57
84
79
88
45
52
92
49
138
106
9
68
88
48
44
134
92
160
178
25
77
58
47
24
37
128
18
100
94
154
81
114
133
103
136
128
72
128
41
151
104
103
84
163
199
182
76
17
39
148
104
87
40
135
20
91
24
38
38
5
67
162
25
58
52
91
118
20
41
4
160
10
122
134
132
135
131
34
177
86
132
192
81
176
64
28
38
97
8
48
10
89
18
103
97
59
122
163
57
40
92
8
51
169
119
107
145
80
179
12
79
132
121
82
25
86
24
141
36
36
94
136
148
46
94
57
44
150
12
124
11
99
53
13
131
187
170
105
86
11
19
143
79
15
9
34
47
113
134
53
76
26
62
92
168
10
29
56
127
145
87
60
63
87
36
121
104
94
113
8
49
27
159
171
107
148
162
19
75
119
163
33
193
67
32
87
146
66
136
123
50
19
145
121
158
6
97
79
54
8
139
29
51
14
172
70
94
7
47
123
113
103
25
35
14
10
105
111
46
168
8
57
57
66
16
9
121
161
45
43
30
34
138
86
13
198
77
96
23
94
85
82
132
109
38
122
80
3
192
86
65
114
73
38
76
37
11
21
134
70
31
88
147
12
11
2
113
12
3
24
92
72
73
66
157
143
70
127
87
72
142
97
82
81
6
42
50
83
23
33
13
136
113
168
15
182
101
81
13
6
72
72
57
16
168
138
33
95
5
98
54
23
32
175
164
12
113
7
24
50
88
71
12
15
2
43
133
30
80
28
89
91
37
77
66
70
78
35
133
157
68
156
148
20
135
91
109
67
24
173
124
48
169
150
54
9
126
68
4
67
10
169
19
91
95
165
118
142
39
122
7
158
168
36
85
41
69
172
172
150
179
93
27
1
153
78
57
154
107
146
92
35
6
196
181
38
107
34
50
43
135
4
160
81
95
75
195
135
124
142
133
134
61
38
113
12
113
8
130
85
51
23
130
19
20
68
145
168
59
128
109
46
84
1
7
144
60
151
46
39
147
80
53
112
143
18
2
44
23
17
55
50
116
133
44
115
123
47
103
97
176
50
55
101
53
48
138
132
93
96
53
130
76
131
169
48
18
182
131
57
52
22
15
140
181
42
60
98
35
12
62
48
6
129
68
80
106
98
105
28
87
1
25
105
110
87
152
105
60
123
127
165
103
27
112
132
185
90
158
151
59
73
85
58
145
143
50
100
23
8
32
7
28
119
110
73
111
156
24
11
41
129
114
90
83
88
181
2
95
170
93
143
102
123
42
49
177
76
5
53
183
4
38
142
144
109
23
28
90
73
137
95
58
135
17
110
12
56
110
87
129
37
33
142
94
82
178
71
88
141
50
29
44
102
43
27
198
86
63
173
1
175
14
119
76
34
20
20
32
60
35
50
17
125
36
95
76
68
128
32
70
116
124
44
155
38
1
168
74
40
3
145
112
74
76
84
54
154
68
35
176
119
123
52
8
8
24
103
46
60
101
190
22
125
25
112
37
126
114
87
121
79
30
133
14
141
181
32
33
110
161
136
41
190
53
120
157
191
7
62
27
123
92
4
151
47
10
114
22
47
51
49
27
119
40
28
158
57
132
63
168
5
39
71
56
92
8
50
109
129
79
80
55
41
6
154
137
60
27
116
128
182
46
94
115
74
53
174
118
94
101
37
80
111
44
2
134
100
39
46
85
120
1
164
48
56
106
98
93
39
38
170
87
97
117
22
81
8
94
71
5
16
28
6
81
65
27
139
35
5
95
10
172
143
182
31
82
80
114
24
127
26
5
61
75
113
91
87
114
71
140
67
60
191
46
10
93
7
181
102
35
59
28
88
137
37
103
2
103
22
14
61
187
114
142
18
1
131
98
129
154
13
154
136
90
21
38
35
46
94
133
23
88
4
164
106
87
9
119
50
145
102
30
135
80
160
17
88
142
129
10
42
97
64
109
90
39
91
28
182
73
86
108
61
13
146
45
80
34
84
137
104
90
44
113
119
88
186
6
75
93
24
29
95
151
71
48
30
80
68
23
125
117
137
24
93
135
16
142
26
44
98
33
100
52
35
127
96
54
196
97
105
185
53
16
105
122
95
72
144
105
176
150
119
157
39
127
56
59
9
49
26
20
47
129
56
111
89
130
24
69
163
133
112
49
193
149
104
137
90
160
113
99
37
169
4
38
125
170
110
37
166
132
131
93
28
77
121
140
19
158
126
48
104
64
49
129
12
126
95
9
112
53
8
155
14
70
74
29
50
51
41
92
80
23
16
23
12
146
121
8
40
28
14
100
191
139
160
7
146
6
63
1
182
95
16
101
89
73
35
36
167
52
108
166
62
19
64
24
58
5
60
34
111
16
27
115
99
104
96
13
128
156
40
75
127
4
99
102
17
40
78
138
87
76
93
106
184
45
127
186
109
150
60
145
76
172
22
3
47
77
94
91
125
109
178
120
6
56
17
160
98
4
5
85
57
30
85
176
72
136
134
45
95
24
194
42
185
47
176
56
67
118
152
40
60
112
58
176
102
53
44
28
130
59
52
141
112
123
108
41
37
32
65
21
4
123
80
33
116
30
89
107
108
4
98
39
50
141
22
66
118
93
147
8
163
17
131
26
46
33
3
180
112
109
133
23
53
8
165
45
79
52
103
152
64
104
173
73
1
1
24
59
42
88
122
127
118
76
30
63
136
92
84
77
65
62
24
140
91
54
121
42
83
84
56
193
80
113
31
56
119
21
168
25
138
41
48
55
6
108
131
173
27
103
104
108
154
44
179
106
162
179
98
141
62
139
142
22
150
14
20
12
105
76
13
65
184
53
151
150
180
75
21
47
165
29
167
55
143
1
151
18
48
94
4
37
159
146
188
59
92
122
109
11
16
140
102
117
190
143
112
116
142
18
37
40
10
169
2
173
24
145
58
185
4
44
134
59
88
95
20
29
62
176
153
37
52
24
64
10
34
45
151
15
90
128
25
77
123
51
152
87
66
5
187
114
92
20
6
142
140
22
143
138
187
137
146
69
4
87
77
42
22
194
73
6
115
97
79
138
107
3
112
97
7
5
130
91
25
16
175
183
99
54
90
31
149
144
28
104
82
60
179
17
96
19
64
90
49
183
59
4
150
18
27
20
82
79
123
108
35
47
44
127
38
89
75
57
44
116
17
102
66
18
64
157
18
1
27
195
58
137
115
92
118
149
86
135
92
25
120
29
65
28
91
74
43
5
138
29
155
18
87
75
174
32
57
177
110
6
54
72
148
64
136
115
142
34
132
13
18
53
81
52
195
88
14
145
106
33
72
108
107
147
77
194
146
137
40
149
98
124
97
9
158
11
47
90
51
120
92
149
56
69
18
68
56
127
119
165
43
60
122
3
31
109
51
37
200
46
63
34
37
111
52
76
189
99
22
132
108
73
14
86
42
98
161
48
148
17
42
9
72
130
5
138
86
49
114
156
101
35
108
30
122
171
21
118
155
90
25
117
4
142
9
83
106
187
114
188
181
119
168
6
17
135
40
130
8
105
88
52
168
54
41
128
110
68
19
80
36
114
50
97
176
154
141
101
11
21
117
40
5
94
37
8
91
17
27
86
99
15
150
44
7
58
92
146
170
134
86
16
137
4
128
8
186
71
149
108
5
196
40
60
159
169
105
49
73
73
27
148
41
98
121
155
5
178
135
96
30
108
88
172
73
20
69
55
131
136
23
163
181
35
80
121
124
101
44
86
120
40
32
74
74
72
113
14
135
173
82
129
104
197
8
113
57
35
44
18
23
1
61
3
17
50
120
63
35
4
132
145
138
87
81
24
85
79
16
70
90
50
42
23
119
8
155
69
98
111
23
10
39
27
9
56
113
39
35
154
69
29
175
136
111
112
118
168
118
10
44
112
126
48
132
154
156
124
146
99
70
30
19
71
89
142
94
34
95
11
149
23
50
87
154
49
187
12
38
168
8
69
3
27
65
115
165
91
112
61
177
49
193
37
69
10
155
81
32
44
180
54
81
67
111
89
52
14
82
90
86
118
111
34
93
54
47
3
166
171
73
159
140
161
194
91
66
61
3
105
109
34
16
132
120
39
85
177
69
95
120
49
150
160
89
110
31
15
149
17
67
109
46
80
108
178
152
94
7
77
61
66
88
121
16
21
21
138
30
133
124
59
125
94
41
119
135
147
98
172
94
42
176
119
154
137
191
15
184
12
104
121
60
131
24
115
14
84
44
181
37
179
155
95
27
17
59
91
41
5
85
24
93
96
27
185
118
100
56
137
95
16
179
60
116
96
132
117
94
125
84
143
86
158
22
51
14
122
103
189
79
70
11
5
138
191
25
140
129
127
70
195
17
101
97
111
24
102
125
124
153
105
16
132
191
104
17
90
36
95
57
187
52
21
107
92
145
6
45
63
130
100
172
3
38
150
36
49
133
196
42
48
132
16
103
15
51
138
23
69
44
6
110
106
189
102
30
86
82
109
146
92
17
61
134
101
26
150
85
48
85
47
69
119
50
56
87
165
157
13
101
122
191
69
50
128
1
174
25
150
41
7
100
110
87
108
112
67
131
73
81
94
25
103
44
18
2
34
143
60
75
11
28
78
117
185
56
90
112
50
67
178
39
36
29
36
126
54
71
157
38
57
174
159
88
158
76
181
111
169
62
91
4
134
50
78
121
184
38
5
152
12
141
74
91
79
78
60
125
48
69
67
141
30
189
27
19
178
22
101
110
49
145
30
40
37
31
101
142
100
9
108
52
43
22
88
15
175
82
134
31
27
144
78
170
62
133
46
62
65
32
160
52
172
28
160
69
10
167
151
96
88
37
29
112
157
106
68
157
169
146
48
11
32
161
101
64
21
101
43
95
133
3
42
103
72
58
92
169
79
73
155
139
95
39
47
4
101
161
146
104
114
22
3
46
156
102
145
11
117
126
127
8
37
37
90
161
58
119
41
197
53
69
112
59
51
102
82
85
140
17
142
126
124
153
110
87
73
188
85
30
25
51
92
115
52
167
30
183
147
30
157
87
108
42
44
5
30
141
46
36
8
135
2
25
73
132
152
178
58
178
78
54
95
160
72
150
40
123
35
82
39
19
63
7
122
63
181
32
57
94
81
160
31
81
83
70
82
10
32
184
43
26
182
19
75
1
144
52
52
137
150
27
157
47
65
48
114
29
164
90
110
51
93
37
99
91
39
80
45
70
7
195
70
47
81
33
90
36
147
185
104
139
127
60
64
156
144
37
97
140
58
129
82
169
130
181
122
37
20
43
177
198
67
66
2
50
144
154
15
165
159
55
171
48
131
73
110
135
110
145
88
7
36
108
180
5
162
11
107
97
21
98
34
175
38
179
130
33
62
41
118
38
135
104
11
159
67
77
24
171
108
81
124
170
88
73
138
130
13
33
16
164
34
133
2
79
39
54
21
152
89
37
176
144
23
93
2
62
158
21
90
24
75
108
1
76
33
23
71
87
81
49
143
12
143
169
44
108
51
65
132
3
124
135
79
162
85
52
154
44
35
132
141
31
121
146
182
118
53
78
140
2
103
54
30
95
73
128
122
31
43
67
60
113
133
153
98
93
134
140
144
32
196
17
152
102
40
43
146
89
17
186
6
122
146
152
124
137
7
87
75
115
73
44
134
47
42
163
109
22
16
46
183
124
171
155
54
23
65
160
83
61
181
114
138
30
69
109
20
26
5
19
49
156
164
80
116
56
2
102
18
62
112
75
136
110
137
148
111
7
32
179
158
150
86
120
1
58
56
60
3
106
48
49
184
60
78
26
91
83
46
35
115
112
77
29
114
73
31
103
58
47
52
146
59
82
103
150
69
46
93
124
65
144
58
8
171
166
121
2
24
141
112
41
71
30
117
125
171
119
118
28
106
187
135
74
48
16
67
47
21
3
114
129
79
116
50
51
96
104
143
133
56
56
142
153
29
127
77
15
2
29
64
19
15
43
68
51
55
45
72
33
5
106
162
161
16
130
49
145
89
153
4
24
61
50
94
126
139
85
156
34
32
186
128
96
19
70
14
158
144
113
191
79
126
129
41
112
21
58
3
135
50
119
125
175
22
56
66
74
183
3
186
46
93
144
158
19
74
177
58
80
94
114
72
87
156
110
3
77
135
117
184
5
43
63
1
49
26
33
168
131
137
156
41
64
13
7
65
7
147
8
113
61
113
122
146
126
195
36
8
75
139
138
101
149
80
133
171
132
133
50
103
64
89
84
52
53
50
165
62
94
23
115
36
81
61
96
112
61
56
147
31
32
135
134
156
84
139
77
55
66
122
5
157
19
34
86
126
124
63
21
50
16
103
69
55
128
155
121
85
14
103
115
21
131
128
145
48
124
43
184
85
126
76
93
120
92
108
86
178
48
34
76
125
55
137
3
149
97
10
31
83
1
176
139
30
22
152
32
110
67
44
145
46
110
78
135
2
77
10
8
82
179
26
37
102
117
2
193
77
21
27
127
40
163
187
173
180
184
165
55
86
148
47
62
71
70
50
135
131
31
15
41
70
124
19
145
196
48
13
18
101
41
147
23
188
81
33
36
39
13
41
7
91
40
6
67
104
173
25
156
135
162
117
86
169
114
22
92
45
161
161
30
184
18
128
136
135
67
133
54
62
71
8
44
150
34
165
111
36
158
38
78
144
181
94
28
94
100
17
3
118
119
128
13
148
23
10
40
91
146
69
13
75
81
139
132
54
70
96
59
177
14
84
70
5
20
122
92
116
96
152
129
175
70
141
121
125
15
87
146
6
54
25
129
123
149
155
111
13
109
174
110
24
192
177
35
63
34
42
189
126
91
47
73
34
147
113
68
98
22
126
92
53
96
60
90
151
131
56
65
107
162
163
167
161
38
102
32
28
80
6
2
94
91
169
43
86
55
162
148
195
90
76
163
82
54
171
3
29
110
2
155
96
105
55
69
164
109
142
70
35
82
78
33
99
71
51
128
29
164
2
65
162
120
166
65
160
40
120
87
45
75
49
23
131
17
65
8
6
12
56
68
51
58
35
117
29
50
78
109
82
137
23
13
155
52
74
65
104
43
21
177
112
156
57
97
156
29
60
159
83
145
117
170
66
19
47
12
38
125
57
146
105
64
129
53
140
98
76
42
81
33
106
104
111
27
83
25
30
58
168
18
133
112
35
1
112
29
107
134
72
66
5
90
87
68
8
51
75
181
134
3
90
175
95
164
84
101
8
128
126
108
19
99
25
44
130
70
31
56
24
183
21
17
2
133
102
6
165
76
1
75
71
184
30
74
8
62
187
90
94
75
27
82
10
45
49
54
61
25
142
192
128
11
77
141
76
55
40
27
5
40
95
36
129
158
35
137
2
115
137
18
42
2
114
136
128
71
78
116
56
190
193
125
172
11
130
91
103
35
132
100
54
32
191
41
32
67
19
141
14
56
73
55
163
80
58
72
12
17
58
141
34
177
144
112
47
107
136
146
48
35
75
62
12
9
83
98
107
150
158
157
23
46
111
137
67
49
28
142
79
44
26
174
164
48
81
94
86
15
35
40
191
151
54
157
132
62
165
65
23
114
39
158
142
118
77
99
66
134
85
74
81
153
96
146
9
19
142
53
23
173
151
88
32
64
154
15
33
89
77
15
26
58
72
38
188
19
3
24
153
99
50
162
74
41
131
1
91
189
93
13
129
71
60
150
115
83
27
76
145
145
78
20
7
69
108
170
134
19
144
74
184
20
27
40
29
60
170
142
132
5
31
127
165
133
142
122
15
62
111
143
151
130
133
27
77
131
67
83
58
4
130
58
31
35
30
47
178
132
61
154
130
46
53
159
88
141
164
30
9
14
153
15
67
84
26
17
114
152
150
104
25
153
109
125
97
123
100
110
66
37
158
4
13
23
22
128
162
48
89
6
40
183
49
18
21
158
152
152
151
54
115
127
116
13
17
103
18
142
83
63
69
117
68
122
149
154
148
42
35
146
49
47
46
102
130
155
75
12
61
45
129
4
98
79
40
18
49
85
121
128
111
77
178
45
142
56
122
149
98
9
23
104
157
179
67
141
62
92
56
196
1
122
93
62
46
6
97
7
9
37
11
41
127
112
49
90
119
135
72
8
37
91
115
72
151
160
24
138
13
139
138
49
83
53
29
91
85
113
148
16
19
156
76
14
48
57
38
19
87
73
35
195
133
2
115
103
141
115
89
97
143
1
78
54
136
105
111
13
115
150
93
146
22
144
153
104
153
179
132
106
92
31
87
90
177
49
140
24
57
21
194
68
54
108
106
84
66
89
42
75
169
195
177
6
163
63
109
155
49
86
76
5
58
179
32
10
85
149
63
41
43
68
78
39
102
76
104
165
135
103
56
167
160
73
117
142
56
71
26
19
58
170
99
112
41
140
118
164
15
47
1
144
42
63
151
139
148
139
20
64
5
52
19
58
150
116
43
65
37
111
75
87
21
74
97
39
1
89
88
164
90
119
70
159
69
3
51
69
19
69
75
105
143
75
10
30
170
15
56
174
140
152
9
75
53
61
132
4
10
136
94
178
103
110
17
64
65
156
78
40
74
57
17
13
67
34
180
149
77
158
18
125
2
121
33
135
23
145
105
18
190
35
64
188
102
1
55
188
37
61
196
6
88
133
155
93
135
90
187
182
23
123
200
167
16
119
57
69
18
119
142
65
157
123
7
155
92
140
11
85
130
1
169
61
25
7
31
38
22
148
22
119
131
144
44
68
34
141
80
34
39
120
139
23
21
143
112
28
111
185
154
113
7
95
192
18
65
146
166
128
135
14
118
70
8
112
22
47
175
5
23
25
19
135
116
92
151
36
119
70
3
84
191
141
56
129
85
95
18
50
87
9
36
181
3
30
14
167
177
123
65
93
17
68
66
67
8
124
14
120
68
71
133
71
24
159
158
55
183
70
136
155
3
15
81
73
86
66
26
17
71
92
197
27
153
109
21
5
8
12
68
37
30
135
57
160
71
17
9
33
102
61
25
57
121
94
82
119
134
13
142
68
104
108
108
11
71
83
152
25
79
112
9
92
2
91
104
61
12
1
12
80
113
80
3
87
168
57
1
52
145
84
153
80
88
109
55
143
32
162
163
66
109
27
83
106
111
68
27
95
154
129
90
72
93
193
144
74
49
42
82
81
57
178
101
82
23
75
63
25
12
71
52
115
68
148
68
16
55
35
56
89
76
108
93
6
177
124
3
29
126
34
36
161
93
68
52
92
17
129
17
150
16
70
63
72
69
145
77
126
107
189
137
17
46
61
124
94
89
7
200
183
169
112
24
25
41
138
151
70
18
29
28
80
46
147
21
12
166
16
14
176
119
35
50
141
159
90
32
1
45
66
75
93
14
94
195
129
124
189
108
87
173
76
59
164
66
169
70
72
16
174
12
39
37
118
30
74
165
73
64
11
98
194
25
53
65
47
73
52
115
44
113
119
174
106
23
104
10
167
34
28
159
51
17
25
47
64
56
22
129
38
24
53
59
166
94
169
75
109
42
121
73
54
90
13
79
119
138
184
96
53
73
22
72
134
119
75
98
165
32
165
98
20
43
46
181
81
33
13
60
92
52
152
43
131
2
6
155
26
165
92
49
163
49
112
20
137
167
98
84
15
84
83
182
56
92
53
66
129
37
17
8
152
6
141
44
106
144
100
26
81
38
8
6
116
11
102
41
91
44
27
146
144
74
57
81
115
5
163
112
67
10
63
141
155
58
24
118
30
18
83
8
113
67
166
188
172
74
128
80
139
61
119
110
113
177
114
13
114
182
70
16
192
99
74
35
76
124
119
58
180
81
97
110
53
56
81
58
58
103
28
17
166
30
165
155
177
81
15
5
86
166
9
50
113
73
150
40
63
79
44
62
95
3
139
183
33
162
52
29
14
22
150
28
84
179
40
22
49
98
52
190
67
1
89
66
5
71
1
174
123
6
28
131
193
107
63
72
107
159
50
63
134
107
128
63
71
45
112
75
122
5
43
16
79
20
120
11
111
148
85
69
32
167
148
62
21
104
53
124
107
154
132
109
123
109
12
56
56
1
79
166
91
30
60
131
149
34
167
93
145
82
87
129
20
101
95
66
53
33
60
107
61
135
184
175
160
32
2
5
24
33
25
73
110
43
7
77
7
62
38
46
16
86
174
17
49
58
3
98
179
188
184
123
156
86
53
124
86
22
147
22
72
55
176
111
27
185
119
48
9
50
128
68
62
47
116
123
49
102
87
52
56
141
42
114
16
122
94
12
61
46
121
24
128
116
68
148
77
66
106
106
102
24
182
84
9
133
138
8
71
84
100
137
132
139
95
162
32
101
28
73
112
165
182
188
63
178
147
28
42
83
157
124
3
112
170
124
98
10
63
71
180
48
74
20
2
51
197
80
93
23
80
92
132
63
19
59
30
76
56
178
108
33
56
96
145
93
55
113
50
59
96
111
48
165
17
116
72
50
51
83
49
134
86
194
113
126
187
69
72
131
134
73
197
129
71
15
71
174
159
73
59
111
165
10
4
46
113
22
136
119
41
101
178
66
110
129
150
67
84
15
47
51
178
18
15
125
145
14
74
90
35
10
151
24
18
131
111
90
25
31
175
130
169
87
113
81
24
48
137
111
51
92
68
70
6
89
118
13
146
43
44
18
54
50
113
102
127
95
93
127
83
129
60
38
81
79
49
113
41
118
85
103
156
181
102
46
60
138
10
141
170
93
169
127
89
38
102
43
74
196
145
50
143
163
32
2
144
102
144
17
101
78
80
29
82
2
8
181
96
142
86
56
22
37
4
28
71
146
6
156
144
166
179
86
43
17
91
123
153
33
186
183
144
44
28
172
49
38
143
14
108
152
10
164
101
45
117
79
26
36
79
88
121
177
118
148
70
65
106
52
153
9
57
97
180
15
1
99
18
100
8
159
65
26
138
148
29
170
91
184
34
14
42
137
58
35
19
64
161
64
143
48
149
10
141
73
24
149
42
73
176
78
44
49
91
111
111
1
41
112
3
136
93
120
15
4
158
24
85
66
179
99
13
183
78
13
55
64
43
126
17
76
85
132
86
113
36
37
57
141
27
1
101
35
48
94
52
120
98
56
23
120
59
17
119
11
48
76
199
54
194
57
19
37
57
15
58
170
49
105
86
109
68
28
114
103
103
115
28
21
160
67
21
112
100
95
125
165
168
72
4
82
3
109
20
162
136
1
130
53
117
75
42
128
95
170
125
67
63
23
30
32
51
122
15
51
71
58
95
73
109
25
181
63
98
91
21
84
81
97
10
39
115
47
143
92
172
28
28
7
119
6
4
6
135
56
34
88
134
93
15
10
65
87
83
44
138
164
164
11
134
152
131
135
149
72
84
150
122
51
103
45
13
105
51
8
95
90
131
30
87
68
105
2
18
58
80
42
178
180
23
24
86
46
68
83
23
142
165
21
44
47
44
92
154
58
96
16
122
119
12
10
90
57
9
182
41
75
62
68
135
22
146
64
124
164
121
125
30
43
77
52
53
136
91
150
65
52
139
21
33
37
107
78
17
22
123
87
22
25
89
45
68
158
12
4
157
2
109
110
111
184
117
60
31
170
82
52
48
37
87
105
39
65
181
26
156
21
11
36
181
130
87
51
53
152
115
42
174
34
37
118
172
183
25
108
23
57
105
146
77
55
24
5
174
51
30
34
186
69
150
94
5
37
123
184
19
46
5
111
129
1
20
53
14
45
57
171
35
131
145
118
8
95
145
22
61
65
104
40
53
10
103
26
53
126
193
49
189
76
113
197
21
42
37
174
11
194
54
96
79
34
96
188
79
81
86
160
172
31
70
102
63
82
79
176
123
67
47
90
17
180
71
2
132
55
131
7
99
85
24
67
59
124
39
52
166
3
46
73
95
23
15
92
118
105
61
106
162
28
9
123
151
48
16
78
147
174
18
44
8
11
149
165
38
145
49
55
127
93
118
42
123
59
117
140
3
2
64
51
166
48
89
18
90
172
171
63
165
85
173
44
179
81
38
128
1
116
82
101
55
91
77
183
101
74
9
81
1
51
101
48
116
25
90
34
24
31
109
116
26
21
170
79
147
170
156
82
157
75
174
65
85
115
37
143
76
4
174
150
46
39
101
38
68
122
96
66
18
102
155
117
144
177
107
64
187
61
42
98
180
185
173
77
45
93
49
106
106
55
8
57
1
44
147
86
131
137
16
143
95
7
146
1
167
54
19
50
62
161
187
100
76
184
147
78
162
50
97
7
3
135
95
109
88
29
67
154
196
83
128
79
119
25
56
160
177
159
75
146
174
86
33
69
122
115
34
14
111
30
85
15
156
192
8
119
29
93
23
104
56
52
65
52
1
137
72
60
119
134
11
67
10
116
101
32
19
103
71
17
10
113
87
146
134
2
17
67
35
147
117
49
41
61
93
124
127
161
148
123
39
130
72
185
11
30
127
54
162
5
44
156
42
169
62
85
101
88
59
106
147
23
180
77
111
42
108
74
142
159
3
110
97
111
76
172
65
194
149
39
47
115
17
94
186
98
5
24
108
7
66
125
64
93
124
37
159
25
74
177
20
85
25
15
81
119
34
51
45
50
91
142
10
97
70
193
8
124
114
93
3
31
1
82
22
18
146
133
69
6
157
169
127
80
72
113
180
159
80
161
190
118
127
38
109
18
68
109
31
158
118
94
173
98
33
84
178
25
165
78
138
140
8
48
27
32
58
9
29
73
102
106
11
38
199
129
60
56
75
136
66
77
66
42
114
120
75
144
34
27
72
148
183
156
21
1
57
79
41
7
69
22
55
91
133
91
134
113
63
1
160
121
4
57
26
167
140
83
72
112
43
29
133
8
80
39
148
190
22
22
64
45
138
23
88
51
62
163
119
47
100
43
5
111
133
38
26
91
146
65
148
89
8
76
46
134
180
81
44
63
187
10
186
94
85
193
116
131
112
45
44
42
88
92
100
129
21
155
3
94
176
150
82
4
108
3
140
124
85
94
52
174
17
118
171
120
117
32
65
128
98
1
139
34
128
68
96
99
164
38
194
24
51
144
50
96
99
58
195
31
26
144
53
125
64
50
49
13
29
76
177
67
8
130
146
115
183
56
137
109
171
157
158
107
106
114
43
33
64
117
28
42
25
166
49
11
157
1
69
150
90
49
125
57
61
105
132
49
164
69
157
97
85
56
100
91
14
13
178
35
48
41
1
119
142
92
53
23
33
128
31
65
56
107
79
87
94
106
146
115
86
115
172
76
32
148
108
54
90
158
117
10
139
100
182
14
155
142
180
130
80
22
170
141
66
63
195
111
72
87
165
37
133
108
151
142
170
45
128
177
198
64
131
70
111
136
73
39
50
152
84
4
171
137
135
153
84
185
60
53
52
41
101
50
31
60
110
186
158
123
13
24
94
175
70
57
124
163
122
94
134
7
39
163
46
107
4
155
169
155
150
47
90
107
64
132
62
54
5
146
153
105
92
175
179
176
25
116
106
79
66
172
158
93
37
69
138
184
54
40
75
33
43
27
94
14
40
90
185
63
99
109
103
33
107
179
92
139
6
120
82
16
148
106
69
88
154
158
58
92
88
86
162
55
157
23
159
104
134
153
43
82
97
94
31
196
66
111
53
6
4
176
65
54
117
130
145
142
46
39
187
139
177
65
77
162
98
135
159
75
58
93
21
45
128
172
97
82
58
62
61
67
32
127
33
110
146
61
123
38
50
37
117
165
133
82
74
136
101
137
43
18
110
177
110
94
5
31
21
23
144
138
35
77
160
84
185
102
186
50
75
40
34
41
96
175
22
76
153
127
146
29
19
65
179
155
118
16
78
99
51
63
128
56
111
107
32
191
6
56
56
116
109
193
136
141
176
65
93
139
31
67
43
98
125
109
114
41
104
32
107
91
133
131
136
135
172
78
114
143
113
56
89
90
69
22
140
123
66
106
71
47
31
2
144
77
35
173
69
39
40
36
134
37
87
78
2
7
169
87
89
186
12
76
145
61
150
37
96
45
154
57
91
59
48
166
86
169
56
87
155
185
19
33
181
15
129
28
100
176
168
113
71
84
37
148
80
94
18
129
152
117
44
25
27
62
39
41
126
26
139
117
44
15
12
189
32
138
4
72
75
34
30
174
40
156
71
16
32
62
101
71
91
68
155
51
190
4
64
128
52
99
46
1
3
64
10
90
185
109
14
28
133
85
161
118
172
48
177
104
105
120
121
91
11
46
173
20
32
59
129
83
164
182
116
113
156
9
195
71
36
105
24
184
29
79
122
152
137
106
41
146
133
35
5
85
94
173
114
87
184
14
12
45
69
155
29
124
50
168
60
60
141
165
5
174
104
172
13
66
112
61
147
64
22
59
109
48
162
156
73
67
1
28
78
144
198
59
64
105
25
161
104
97
77
36
104
171
55
158
103
82
28
100
159
61
142
178
158
105
42
51
138
184
80
86
15
90
113
63
143
28
154
15
151
103
175
139
32
56
123
48
39
117
194
49
174
17
56
85
135
150
52
132
80
69
117
150
110
163
37
166
168
86
52
133
99
98
127
130
148
162
78
139
37
69
57
135
70
191
182
13
133
82
139
92
17
115
41
105
21
41
31
21
76
12
85
69
149
126
10
161
176
67
61
94
81
8
20
51
17
27
85
21
162
13
63
95
30
12
167
121
38
126
41
147
1
55
92
72
11
49
151
18
53
74
139
68
117
43
95
25
117
184
142
38
31
86
58
62
104
4
3
147
96
103
10
138
68
122
26
60
66
145
120
7
71
103
138
48
104
166
2
6
27
150
134
68
7
113
153
86
68
54
117
7
28
35
156
40
24
1
52
35
32
14
28
110
39
120
10
41
93
72
63
84
66
26
45
183
66
63
13
148
198
29
24
153
26
1
12
65
10
74
46
43
69
36
64
35
12
65
9
11
69
61
84
153
16
76
166
16
145
81
115
136
169
122
2
154
45
137
63
10
45
12
1
36
169
75
44
114
24
59
141
96
93
18
14
56
16
55
133
33
66
18
72
14
73
12
191
31
88
20
155
62
95
133
114
64
117
62
98
146
90
94
26
171
49
50
98
68
81
94
105
43
39
123
56
54
184
112
83
92
142
22
70
43
79
181
141
42
86
24
155
73
103
123
10
190
7
97
143
57
114
91
51
152
153
27
62
170
72
22
43
3
101
112
49
186
165
152
8
26
109
9
82
114
30
43
103
124
18
42
61
139
41
21
125
151
133
36
27
107
119
71
129
40
126
160
144
116
17
152
8
35
173
6
23
30
115
121
7
39
79
100
28
18
98
33
25
157
86
91
108
111
69
175
53
90
136
22
79
69
166
132
103
77
147
106
52
84
173
146
132
190
53
84
35
142
90
17
65
107
22
3
78
156
150
143
61
116
178
27
33
31
175
122
172
98
81
77
9
143
53
17
17
68
97
96
116
20
146
38
118
56
34
5
14
67
30
45
160
126
172
46
109
48
146
110
177
162
119
32
36
72
93
58
56
137
34
108
98
126
88
124
14
58
18
176
40
23
21
122
28
23
119
106
79
130
25
118
85
33
63
164
1
33
97
33
109
151
129
9
109
37
47
8
87
174
104
13
47
60
168
158
179
42
113
136
124
103
37
41
185
21
4
121
136
109
186
79
149
95
96
146
15
62
168
32
21
79
84
51
103
38
62
117
129
6
71
86
39
80
49
8
130
1
165
44
70
148
164
118
64
89
109
141
86
137
2
24
133
3
132
35
84
42
156
62
113
21
14
96
178
40
123
46
153
118
51
177
147
7
94
196
113
95
85
23
35
153
11
67
166
150
25
45
57
72
150
106
81
156
107
75
4
13
91
178
29
13
101
81
42
167
98
110
40
115
191
129
61
121
150
13
161
62
81
111
26
81
19
7
141
51
173
195
88
3
161
55
103
182
109
130
36
185
189
129
31
73
50
125
167
102
4
66
53
197
61
73
174
19
153
92
29
24
104
113
86
122
39
143
168
134
13
1
174
129
156
20
108
15
9
87
16
68
104
153
17
1
100
130
30
149
135
125
113
122
19
99
63
61
87
75
114
34
54
52
32
94
119
113
95
76
79
77
144
10
49
93
48
62
53
3
137
102
163
152
20
62
82
183
155
183
40
97
65
64
188
126
161
34
16
16
36
154
58
101
75
154
67
134
104
87
5
118
37
144
43
76
83
57
68
90
90
75
29
72
66
23
138
143
105
7
75
73
28
107
147
146
90
58
120
45
79
75
22
110
89
112
14
33
27
71
63
6
132
29
44
132
58
86
88
21
164
25
130
83
159
54
28
45
32
58
28
60
119
136
90
77
164
137
73
20
89
75
112
68
40
54
37
13
71
44
190
17
175
18
22
108
155
158
27
31
78
43
1
7
72
146
182
64
126
5
171
144
110
24
62
83
63
196
87
22
88
189
176
109
7
106
61
76
130
116
175
121
47
75
133
146
57
89
109
56
128
147
72
48
35
10
37
68
155
52
116
72
181
22
64
101
91
152
102
131
187
92
48
103
69
4
4
66
91
115
139
26
57
3
39
11
49
131
191
34
136
118
136
90
122
67
79
186
68
95
73
30
12
5
49
90
76
31
85
144
180
146
157
39
37
73
125
51
121
36
163
3
101
157
146
166
153
39
22
144
103
54
21
100
68
19
74
115
178
101
106
72
143
143
45
30
87
59
137
101
111
195
97
48
153
8
193
145
13
12
16
50
92
192
147
102
15
53
95
84
109
5
4
77
169
101
39
106
50
169
142
84
149
174
127
9
136
75
34
165
66
27
85
1
116
26
148
15
14
7
108
6
159
174
130
29
34
35
59
128
16
123
74
142
172
66
51
21
60
37
54
152
117
174
43
143
84
186
109
141
4
120
90
137
70
19
81
110
74
101
118
62
109
43
56
96
29
18
69
4
42
140
31
177
77
9
25
135
13
111
67
6
111
151
135
37
189
181
75
43
94
147
141
16
24
71
72
97
56
80
18
58
45
131
11
173
7
162
22
102
118
89
146
114
77
121
198
61
38
10
13
182
127
2
122
15
93
5
62
86
35
84
144
97
136
44
104
43
27
162
105
41
24
114
131
124
24
132
176
112
84
25
175
85
121
18
128
37
85
5
2
40
28
8
92
137
160
137
152
64
14
145
12
89
183
184
17
63
193
27
107
41
2
107
30
1
23
142
24
16
177
12
75
48
96
51
113
58
128
68
43
27
4
172
94
28
29
122
30
94
2
110
28
127
147
50
132
98
125
99
9
29
111
138
25
109
124
28
85
42
26
33
103
28
59
38
41
6
108
85
35
106
29
53
34
17
194
37
93
8
89
41
83
168
124
105
128
81
87
48
13
46
26
174
45
157
31
29
90
151
172
88
56
2
131
15
144
4
106
85
128
145
2
68
108
43
17
66
76
70
57
90
184
39
94
31
69
186
31
46
43
67
37
107
31
95
39
85
95
150
5
32
138
143
168
178
188
16
153
35
53
17
187
60
8
9
108
155
96
11
198
9
87
38
136
90
85
13
2
118
54
85
56
63
14
161
18
179
46
166
185
54
33
41
155
170
189
39
58
79
70
32
52
70
4
17
79
57
103
55
83
148
61
126
132
102
100
93
102
186
148
49
112
108
26
71
86
114
72
107
129
32
96
144
121
101
126
58
42
137
49
115
53
150
96
6
157
94
145
5
84
50
95
41
24
129
170
127
63
169
59
164
16
120
52
110
134
63
24
156
113
197
23
144
31
123
5
46
114
136
102
26
12
45
133
35
124
55
13
79
46
108
11
126
143
124
59
191
74
100
33
141
30
125
58
15
123
28
147
140
188
115
64
43
46
126
44
118
160
39
166
111
72
104
149
7
32
28
16
81
7
148
56
60
51
60
81
81
132
64
21
67
87
112
12
10
135
46
120
27
69
26
113
72
146
28
122
113
45
79
151
29
147
69
38
68
37
44
149
2
83
61
133
91
34
184
30
128
33
123
93
100
164
198
60
74
89
96
26
59
115
56
87
164
33
98
14
59
156
7
71
26
3
46
9
15
1
196
84
163
192
130
41
149
67
14
166
34
48
84
127
72
85
3
144
168
128
68
112
128
49
144
68
59
150
48
85
90
45
44
21
151
120
5
29
96
54
75
22
102
111
108
27
95
141
95
161
90
155
151
21
72
41
26
111
147
60
108
103
141
193
73
14
40
69
105
73
63
1
174
55
68
190
105
138
82
165
15
101
120
142
12
12
110
71
159
80
5
40
82
127
8
9
36
90
117
171
12
72
138
148
169
2
27
106
27
146
141
105
82
3
69
64
92
97
73
80
161
99
138
123
157
98
3
169
49
34
123
166
84
31
144
165
47
84
48
67
14
116
29
85
55
35
132
49
96
135
16
67
173
101
131
167
17
94
135
11
132
100
158
85
103
51
39
63
163
74
134
18
53
47
46
95
60
103
46
43
136
83
85
191
26
22
7
103
72
55
187
37
40
175
50
65
107
128
147
195
96
58
159
