5
121
35
154
174
197
34
40
155
42
153
182
144
152
133
150
117
95
140
208
63
71
178
25
88
30
31
41
63
24
149
40
95
155
69
47
78
115
128
14
147
131
100
36
217
51
3
141
91
175
161
62
49
45
119
70
58
5
53
10
8
96
96
25
9
40
9
85
80
137
181
18
136
195
18
22
42
215
217
20
16
201
92
17
9
83
97
6
164
206
42
72
171
233
64
99
137
81
34
170
102
233
154
135
52
159
131
168
2
41
69
170
102
48
53
107
90
226
17
82
161
135
59
187
18
138
100
222
232
152
31
20
116
104
43
43
74
60
121
4
5
54
66
9
127
183
215
73
130
51
189
131
83
22
124
183
37
66
191
46
215
138
136
15
165
25
225
7
50
35
85
187
22
222
217
48
48
95
132
116
135
47
124
19
229
51
40
253
61
139
70
21
101
133
48
19
206
134
115
124
49
140
125
50
14
135
154
63
120
73
111
10
77
148
6
74
96
140
90
32
94
54
150
19
71
131
38
136
40
51
153
80
81
25
165
225
105
71
177
10
44
50
36
6
157
160
28
99
9
58
46
32
145
173
164
57
25
73
157
49
8
41
119
80
200
188
117
40
26
132
177
36
21
122
63
164
207
56
51
183
23
127
237
40
21
126
74
82
55
199
85
73
14
145
14
92
183
94
70
29
249
19
88
74
70
44
80
187
61
94
6
17
63
7
86
160
180
92
92
27
163
135
117
95
215
141
115
64
18
33
134
108
141
95
3
196
147
44
167
25
32
140
5
169
55
128
59
93
105
73
216
10
2
113
46
21
14
188
239
32
195
225
21
158
145
110
38
128
42
37
155
46
72
219
111
1
40
187
25
146
108
105
4
18
90
22
3
164
36
97
67
11
154
55
128
30
55
64
81
101
139
173
48
33
139
148
254
160
159
57
211
198
13
54
156
248
153
119
61
116
26
220
41
159
79
68
240
91
151
32
61
91
173
231
67
32
48
143
118
20
68
138
1
49
184
47
24
142
179
23
47
122
201
81
149
1
58
65
115
118
63
106
101
63
3
54
48
189
14
178
209
91
235
53
152
34
100
38
109
9
124
9
206
10
184
127
133
114
96
48
182
68
151
110
254
113
102
113
15
51
74
3
165
85
7
95
137
45
230
22
77
218
136
161
278
114
60
67
124
164
6
252
108
7
92
260
9
23
33
24
91
136
77
113
37
209
31
146
40
18
78
174
218
103
131
168
248
1
7
128
91
4
62
138
10
42
152
158
120
83
170
55
41
133
120
37
16
105
136
2
30
92
93
84
204
129
192
63
188
52
15
178
40
23
106
19
32
150
7
133
54
13
191
5
106
263
127
40
24
19
99
97
276
171
47
30
45
87
38
106
170
117
123
187
30
9
167
113
48
6
216
223
15
146
78
99
181
199
48
138
102
95
21
186
140
69
125
65
67
45
47
43
96
83
150
141
94
234
33
153
146
124
254
239
172
202
140
175
105
76
8
78
35
12
43
23
13
128
15
93
6
213
60
87
27
19
80
124
104
206
7
147
209
154
24
177
216
127
122
74
164
56
88
96
101
253
21
233
5
91
40
183
59
220
109
86
76
31
126
9
86
87
17
19
175
47
104
58
64
205
153
129
72
10
79
201
31
221
271
115
15
164
26
226
3
48
46
8
52
89
13
23
158
183
120
186
233
160
143
84
21
54
30
34
134
76
89
60
12
99
53
67
162
179
13
81
61
164
95
181
127
71
55
1
105
47
87
166
206
70
199
37
37
61
40
21
3
209
147
85
58
207
48
59
77
133
234
155
24
268
79
12
56
16
34
63
149
89
44
28
68
9
37
17
82
202
121
111
51
69
93
230
222
118
102
142
3
14
137
86
203
81
138
112
86
59
25
50
34
85
16
158
154
104
172
93
161
7
79
78
62
41
77
26
22
174
161
10
17
78
71
78
61
120
72
125
153
68
129
122
49
179
140
113
180
156
24
36
86
212
99
151
128
88
15
1
41
128
119
191
104
57
174
47
26
167
171
33
59
216
145
122
203
29
197
105
136
255
108
205
31
32
113
47
15
94
157
25
8
212
78
138
183
39
75
126
201
39
163
88
68
40
39
134
9
196
19
13
76
43
134
189
98
184
18
59
52
49
45
81
60
90
1
62
127
129
86
102
64
167
24
38
88
35
75
205
95
144
64
106
30
192
100
156
24
157
175
25
131
130
126
11
25
72
198
180
3
102
55
217
126
69
109
54
85
29
149
41
123
57
48
48
80
169
189
6
32
21
40
57
141
132
179
171
169
84
2
80
62
198
3
159
110
52
28
45
260
104
141
119
81
93
212
18
160
7
261
100
16
107
29
58
49
58
5
95
139
105
51
33
15
6
33
171
40
66
141
26
46
78
162
276
25
48
96
132
119
66
191
39
113
43
104
67
132
4
171
11
108
157
54
80
80
126
13
29
109
42
163
9
51
33
260
60
27
8
97
20
80
14
125
45
93
9
92
19
82
97
133
108
182
96
128
156
134
172
176
102
32
69
41
87
127
226
221
136
172
47
144
54
121
105
33
19
52
96
119
109
82
1
57
53
31
131
128
2
90
84
55
77
103
132
82
25
60
155
122
213
65
38
82
82
11
264
210
217
60
4
10
199
45
41
34
220
179
170
194
63
221
112
217
15
2
78
101
13
156
33
109
55
30
204
49
72
92
119
11
181
46
13
90
153
76
41
90
135
51
244
25
58
33
238
215
149
33
261
60
124
55
120
76
139
248
51
2
84
37
78
139
185
61
164
71
76
147
203
176
181
74
111
143
58
79
264
208
132
26
36
92
3
53
167
265
206
212
3
117
202
19
146
163
119
56
165
73
8
168
87
132
133
25
46
236
9
42
37
241
237
66
49
3
23
194
52
48
155
32
145
135
108
47
1
81
66
197
93
28
239
248
81
111
245
74
265
137
151
85
132
203
167
245
11
72
94
261
9
143
19
29
170
226
177
93
16
171
230
6
192
184
137
69
37
5
127
78
149
61
176
147
223
73
124
70
120
214
262
31
22
86
4
