357
401
120
165
94
91
420
142
431
96
210
366
369
237
275
366
202
128
102
345
237
421
435
143
388
343
217
441
154
417
304
311
132
389
281
234
433
114
224
152
358
318
113
215
301
416
175
443
470
352
386
185
137
248
162
267
293
284
454
212
367
182
138
364
225
197
252
401
209
149
141
167
205
206
151
396
172
273
318
103
135
136
163
260
188
166
401
217
380
328
205
139
168
138
205
353
381
250
87
247
325
145
321
170
411
310
332
155
132
94
141
356
251
137
200
273
420
310
289
143
339
264
101
284
378
107
332
224
206
285
320
287
251
325
145
347
340
362
146
176
261
163
421
246
161
396
93
461
290
365
199
317
380
129
167
201
138
455
304
267
269
183
248
263
300
465
192
444
296
106
91
245
239
168
178
393
414
266
386
266
119
187
187
455
471
239
213
134
198
436
144
191
92
351
222
115
367
118
277
251
278
147
119
389
174
415
291
343
304
149
271
464
229
147
152
276
136
179
392
122
171
150
467
425
113
175
443
159
375
143
271
395
403
106
246
103
226
86
201
420
287
326
374
416
163
162
361
143
129
171
159
221
397
149
189
374
94
238
231
88
257
272
106
229
237
174
122
320
235
285
245
90
123
196
444
269
117
161
417
234
212
332
171
213
234
114
160
326
374
212
244
198
169
268
283
327
244
437
382
165
206
323
318
198
286
171
403
111
433
264
206
246
155
105
177
151
270
274
354
131
297
102
323
235
382
205
368
110
432
265
395
391
212
305
137
140
172
180
313
118
352
182
252
278
354
284
332
180
295
206
269
335
231
182
318
264
187
384
217
255
224
277
191
438
84
109
237
472
101
107
335
469
328
452
409
378
443
132
152
365
358
255
238
425
401
310
194
266
177
149
354
119
307
116
157
150
119
317
432
375
399
229
214
262
108
147
92
437
223
436
399
86
316
356
235
183
385
402
203
110
398
240
95
169
248
350
180
130
414
448
370
405
168
298
370
245
210
441
206
408
167
259
101
235
297
162
255
373
264
379
316
245
395
297
254
330
224
388
418
120
366
437
185
389
192
185
394
172
161
138
111
302
171
157
251
338
189
278
101
287
391
116
312
366
123
323
108
277
281
213
246
275
240
198
182
276
408
154
272
258
409
106
142
147
222
227
442
162
238
330
204
265
152
282
169
139
161
361
130
106
122
261
210
414
299
155
242
131
233
358
135
163
280
143
281
229
476
259
145
395
145
471
380
128
209
432
340
354
195
286
223
286
200
128
115
195
112
435
404
345
411
376
395
297
201
117
135
241
104
282
361
337
306
311
391
442
174
277
139
191
240
405
473
117
288
240
277
227
268
220
174
307
478
406
257
364
229
197
187
187
118
146
295
136
363
189
244
359
255
152
168
311
164
308
259
273
471
469
362
366
189
405
150
322
124
259
139
159
169
421
381
147
346
464
416
377
368
244
99
86
147
309
275
338
332
135
140
161
308
299
479
286
309
276
283
351
383
173
231
366
279
218
444
412
297
139
327
354
172
273
165
205
185
198
276
160
201
88
398
381
433
391
124
284
360
120
328
172
163
386
274
356
283
221
418
411
347
145
234
270
346
185
278
172
217
181
265
206
242
372
122
326
190
401
203
321
124
150
436
350
336
226
283
346
100
