86.122
82.954
85.645
86.054
82.102
85.555
85.209
85.728
83.677
82.713
84.06
82.489
84.206
87.339
86.016
85.623
84.682
86.033
87.956
84.129
86.09
88.479
86.608
87.06
84.808
86.397
85.977
86.787
86.016
83.863
84.142
86.256
85.986
82.93
86.457
86.709
87.829
86.618
85.104
87.56
86.772
84.735
84.838
85.382
86.661
83.353
86.308
86.992
82.022
87.78
85.842
81.639
83.86
88.081
86.525
83.693
86.965
84.129
84.12
84.344
82.629
85.018
84.76
82.508
84.741
86.751
85.036
83.573
86.57
82.842
85.05
82.591
87.138
87.308
85.818
84.662
85.275
83.432
82.891
84.964
85.796
81.366
85.432
85.899
84.951
89.622
81.598
84.918
86.717
85.956
87.79
86.435
89.213
85.274
83.804
88.179
87.987
86.662
82.616
87.307
83.376
88.181
83.214
85.049
85.523
85.091
85.189
85.64
87.973
84.111
87.354
86.754
87.333
85.244
87.699
85.094
84.897
86.237
85.176
83.84
84.535
86.149
84.813
86.677
85.652
83.549
84.949
84.776
87.936
84.617
86.007
84.662
86.139
82.952
82.644
83.207
87.495
84.986
86.306
85.434
81.542
84.306
87.543
84.636
86.799
85.599
84.541
87.528
85.147
85.003
88.68
83.842
85.535
86.68
83.127
83.967
85.421
85.581
83.376
84.272
85.268
83.826
84.051
86.094
84.863
82.777
84.877
84.821
84.736
81.84
85.306
85.409
86.569
87.037
83.141
85.761
84.937
86.763
83.997
85.83
84.059
86.019
86.629
86.888
84.184
87.711
86.791
86.548
83.853
84.837
87.799
84.54
86.496
83.845
86.099
83.941
83.83
84.471
87.343
81.826
86.787
83.276
84.196
85.49
84.964
86.741
84.892
86.733
85.093
85.752
84.404
86.124
84.049
85.628
84.067
83.576
82.764
87.338
85.507
90.219
81.941
86.101
84.38
87.163
86.257
83.904
86.03
86.247
86.166
88.046
81.414
85.188
83.461
84.508
83.358
86.245
86.371
86.143
84.556
83.045
86.783
85.968
83.807
85.639
84.47
82.532
82.828
85.689
85.653
85.488
86.456
86.739
84.992
82.007
87.274
84.468
85.584
84.323
86.965
84.751
82.687
84.581
85.606
85.094
88.184
86.087
83.523
86.844
86.08
89.624
85.847
85.589
81.251
84.104
85.048
85.23
86.009
86.606
83.235
83.91
84.878
85.11
84.612
84.217
85.208
86.125
83.105
88.472
83.727
84.413
84.251
85.337
86.749
87.154
86.104
85.393
86.292
88.079
85.3
88.099
85.194
86.762
83.535
85.027
86.935
84.835
83.13
83.651
85.145
84.477
83.105
86.475
84.392
88.79
85.293
86.498
88.052
83.343
84.089
87.34
85.983
85.045
85.971
86.293
85.68
85.755
86.522
85.816
83.143
88.032
87.169
87.005
83.792
86.906
83.508
87.007
87.451
84.203
85.699
87.122
85.879
82.942
87.568
82.024
86.698
85.688
85.758
85.07
85.303
85.614
85.067
85.075
82.605
83.355
84.203
88.393
87.068
87.575
83.728
85.148
82.082
84.177
87.179
84.795
85.438
86.622
88.142
86.595
87.373
87.252
85.678
81.747
84.278
86.575
85.513
86.221
85.544
85.343
86.671
86.415
85.912
83.702
84.837
86.92
85.074
87.402
84.259
85.224
86.818
86.706
86.554
85.512
85.878
84.5
85.743
87.641
82.891
85.041
84.97
83.854
86.414
81.773
84.22
86.858
84.927
85.588
86.943
88.214
85.91
82.048
85.133
84.227
84.605
84.992
83.791
81.961
84.602
86.079
84.023
87.126
86.064
84.382
87.774
84.761
84.793
88.113
86.781
84.747
86.564
85.279
84.322
85.802
87.207
82.521
81.137
81.306
82.663
82.471
86.138
83.989
87.584
82.09
84.969
84.844
84.48
89.082
84.602
84.664
86.56
81.938
87.256
84.021
85.381
83.622
85.787
85.577
85.829
87.087
84.981
85.698
85.832
85.872
83.005
84.755
84.165
85.861
84.568
84.751
86.62
84.053
87.822
85.246
85.298
83.861
87.02
88.248
85.171
85.793
86.692
85.64
85.553
86.12
82.901
84.06
81.904
86.648
85.447
87.194
83.218
85.978
85.901
87.704
85.163
83.995
85.405
86.987
87.931
87.66
85.807
84.318
84.148
84.881
85.961
85.559
84.234
84.9
85.479
86.188
86.89
84.918
85.941
83.532
85.822
83.637
83.397
83.995
85.618
86.407
87.867
85.374
83.646
84.537
84.109
85.509
86.277
86.184
86.458
84.936
82.907
85.896
86.471
83.381
86.741
83.414
84.432
85.22
85.316
86.181
81.326
86.259
85.648
87.146
86.762
87.769
84.723
87.068
86.811
88.332
85.115
87.93
87.257
85.097
83.922
84.215
84.809
84.631
85.745
87.173
83.099
83.888
84.561
84.997
83.618
86.041
83.481
85.489
84.658
85.755
85.744
86.359
83.216
83.939
84.806
82.77
81.419
85.629
87.457
84.756
83.965
83.796
85.248
81.694
84.947
87.494
86.185
87.432
83.993
86.588
86.331
85.445
85.277
82.345
81.065
86.336
83.221
83.82
84.109
88.454
83.877
85.981
83.96
85.54
83.523
85.261
86.833
82.016
84.696
86.659
83.935
86.175
85.76
86.073
86.456
83.438
87.437
84.709
86.663
86.189
85.752
86.928
85.231
84.704
83.095
87.267
87.542
87.241
82.1
88.849
82.918
84.234
87.338
89.966
84.723
85.428
84.047
87.854
83.591
83.769
86.823
85.456
85.389
83.463
85.165
84.651
86.806
85.978
86.252
84.069
81.9
87.545
86.505
84.505
86.094
86.474
83.265
85.143
88.938
85.152
86.64
86.871
85.495
86.343
84.115
86.289
87.066
88.562
82.174
87.531
86.045
87.011
87.785
82.16
86.569
83.161
84.801
86.7
83.865
85.665
84.018
85.248
84.935
88.404
86.273
83.334
82.432
81.712
84.489
84.582
82.812
85.788
86.79
85.471
85.107
83.464
83.369
84.748
85.731
85.578
84.343
83.441
85.235
88.223
84.286
86.69
84.571
85.258
84.903
83.421
86.262
86.758
85.957
86.29
86.695
86.566
86.188
84.661
86.012
81.365
83.91
84.024
84.124
85.216
86.055
87.447
85.148
84.783
84.105
84.294
84.328
87.285
85.072
84.09
85.406
86.109
83.732
88.771
84.169
84.821
81.964
85.719
85.977
83.089
85.034
83.669
82.411
86.875
85.411
87.558
85.568
87.524
86.765
85.264
84.942
87.568
83.757
86.94
88.546
84.713
84.975
87.288
84.654
85.064
85.315
86.779
86.536
80.804
84.304
88.419
84.745
84.9
86.711
84.408
83.509
83.888
84.016
87.105
83.37
84.19
84.748
88.407
87.504
83.177
84.857
86.165
86.121
87.996
86.57
86.83
85.55
83.208
85.28
85.614
84.323
86.682
84.914
87.171
84.832
84.176
87.415
87.338
86.334
84.577
81.932
87.033
84.7
83.756
85.817
86.268
84.834
82.708
87.177
82.883
83.048
87.239
83.781
87.022
85.648
85.218
88.095
85.808
89.562
88.748
82.057
85.969
85.66
81.654
84.399
85.015
85.435
84.413
88.626
84.285
83.895
86.196
86.062
87.608
83.851
87.472
82.591
83.122
85.093
84.522
81.642
82.301
83.092
84.91
85.09
87.041
83.863
85.73
84.66
82.761
85.515
87.367
85.0
83.041
86.738
87.118
86.485
86.051
85.335
85.42
86.856
86.182
86.635
85.062
85.159
84.979
86.308
86.138
82.99
86.849
88.191
87.462
85.009
84.153
83.729
85.119
86.077
87.555
83.892
85.98
87.2
84.82
85.466
83.857
83.873
85.737
84.906
86.756
85.273
84.869
87.716
81.484
87.54
83.956
84.268
87.713
87.624
85.239
83.995
86.869
83.871
84.057
83.839
85.259
83.822
85.247
85.971
84.721
86.225
84.075
86.399
86.131
82.923
83.647
85.933
84.308
84.626
89.114
86.069
85.316
90.102
84.081
86.887
84.777
86.22
87.806
86.897
88.238
85.697
86.617
87.144
82.059
85.611
84.44
85.91
84.038
84.815
86.965
85.562
86.721
87.121
86.174
81.552
86.226
83.075
83.801
86.146
82.742
83.414
84.187
87.348
84.599
83.219
86.683
83.333
82.895
87.198
85.258
83.498
88.034
85.292
84.532
87.52
86.087
83.024
84.414
85.874
85.509
83.513
83.906
87.94
85.288
86.435
86.33
82.664
83.944
82.276
86.606
85.678
85.718
83.774
83.424
84.715
85.126
85.635
87.082
85.811
81.756
84.01
85.837
85.841
89.655
85.454
86.094
87.864
85.801
86.886
84.072
