128
91
93
137
42
84
91
151
184
106
159
89
53
148
70
132
31
143
65
46
1
228
170
134
105
27
34
204
240
113
86
121
73
259
179
216
148
32
159
71
200
166
67
136
82
5
77
40
5
122
75
173
30
25
33
50
58
32
181
112
201
82
18
32
32
158
29
156
182
8
12
174
209
266
247
60
197
97
85
101
59
39
102
29
168
70
173
45
40
101
37
51
155
63
53
73
51
196
82
112
59
182
73
239
121
81
125
153
166
72
104
43
101
186
146
86
91
97
39
128
174
254
271
72
128
93
47
199
196
138
52
108
64
78
213
158
180
84
29
277
64
189
178
82
240
123
26
164
262
64
109
36
75
80
43
27
70
113
142
186
204
262
158
158
100
236
179
108
189
105
27
126
183
73
87
11
167
121
61
230
162
81
6
74
228
261
10
129
211
141
168
44
179
51
181
153
238
72
228
2
140
258
208
54
135
245
119
136
67
186
192
66
251
243
182
30
253
67
25
183
33
106
3
203
201
55
14
131
5
193
31
173
88
143
34
178
74
76
6
44
262
137
54
40
262
167
115
153
219
188
157
221
99
52
100
147
248
144
61
191
10
67
136
6
172
203
94
119
108
249
244
75
108
195
76
52
191
217
46
147
4
232
75
49
19
153
53
138
209
183
68
70
167
188
190
118
226
106
129
60
205
206
99
9
71
45
104
168
93
260
153
200
119
45
69
160
144
186
25
42
204
188
131
206
51
23
36
231
120
135
42
131
4
182
93
54
77
161
103
12
14
25
27
74
40
35
58
145
115
69
45
196
27
55
186
57
31
162
126
118
80
159
148
17
68
242
149
206
152
129
46
105
168
262
257
79
99
122
57
11
170
183
111
147
230
68
174
116
177
77
89
56
19
216
36
136
168
206
60
179
133
67
79
263
19
30
164
66
176
99
189
123
78
203
2
176
124
25
38
65
269
52
211
62
216
225
98
153
221
177
189
59
18
190
80
130
259
55
167
147
15
89
179
191
173
142
246
55
189
142
196
241
210
104
3
234
51
263
107
6
7
39
143
31
23
66
263
16
257
46
46
243
43
63
16
40
94
106
181
111
81
21
204
21
183
166
84
95
221
30
32
23
84
136
244
113
212
113
104
125
15
97
33
124
26
88
262
89
159
65
91
129
46
81
17
191
38
152
155
29
130
133
192
124
171
176
276
244
114
45
24
56
4
7
268
142
111
238
4
113
120
155
74
241
174
93
64
218
56
9
93
152
212
48
74
90
192
39
146
52
109
264
248
74
199
30
215
175
32
76
68
238
255
174
231
13
240
139
111
21
123
247
65
189
213
33
7
74
133
13
11
187
8
32
190
121
164
131
12
42
149
124
100
60
119
244
180
60
87
122
226
38
38
37
222
164
245
85
88
13
55
122
111
244
78
233
72
96
55
121
51
138
86
3
157
101
24
252
11
21
57
102
21
88
225
45
200
230
10
98
50
24
1
4
246
249
96
155
157
95
115
142
266
12
186
124
94
226
140
207
72
30
20
143
145
85
6
224
161
138
103
30
86
95
161
133
212
243
191
188
264
40
9
66
122
167
123
104
131
69
69
40
134
228
201
16
3
165
40
190
279
195
99
50
144
27
18
65
66
110
57
62
89
219
107
194
49
25
5
45
32
218
38
148
122
168
122
26
188
199
165
20
26
50
135
169
67
17
154
238
219
24
86
149
18
216
190
74
91
136
118
228
165
189
125
155
48
15
66
159
26
148
272
208
14
260
240
92
28
91
172
11
145
38
196
81
124
66
133
190
109
23
4
204
145
26
60
209
58
142
39
279
162
132
64
48
197
37
162
86
87
40
5
156
124
188
98
96
109
134
278
80
102
72
93
104
131
111
187
103
222
66
129
195
191
122
95
69
139
32
91
111
58
122
81
138
27
28
49
178
197
53
88
213
248
2
142
52
137
203
180
113
106
113
18
243
74
72
128
191
99
106
182
63
43
140
235
157
215
62
48
168
253
120
192
47
29
232
133
132
182
212
186
22
118
80
226
92
170
119
131
51
198
239
124
102
245
162
149
156
10
18
21
110
224
129
144
77
8
83
221
84
17
49
178
207
82
100
237
132
181
6
39
152
137
57
167
163
80
26
175
117
122
190
196
282
164
23
234
81
186
215
77
266
16
156
32
67
211
164
69
209
269
5
14
152
12
80
91
12
101
47
52
129
71
256
154
74
109
80
52
102
211
114
246
13
97
103
45
78
161
169
177
191
22
88
98
115
178
52
5
48
100
86
140
165
262
83
15
123
102
193
83
89
30
93
157
223
58
8
175
167
155
100
225
111
100
140
148
266
106
274
237
84
25
148
156
231
61
149
260
6
54
239
129
91
18
244
117
41
1
196
131
47
146
76
75
182
201
96
194
269
100
187
161
34
166
105
139
57
222
44
268
15
171
15
9
220
86
163
89
79
129
43
68
13
146
118
261
18
39
130
85
175
50
153
227
62
69
209
129
186
125
222
244
45
250
18
102
143
185
10
168
65
135
233
25
122
78
46
105
129
16
102
133
135
120
104
244
81
232
87
254
87
67
38
250
181
170
239
125
10
56
16
129
41
134
167
192
73
237
129
110
65
61
49
215
142
32
15
134
19
154
45
21
158
130
54
5
84
82
205
18
19
83
58
95
222
174
196
137
53
19
41
107
123
240
209
131
75
47
120
35
21
141
77
214
160
246
42
192
54
36
90
21
120
152
43
85
239
232
26
267
107
112
25
4
88
110
127
24
65
23
84
101
80
204
12
192
206
225
90
26
119
233
167
24
30
137
149
235
93
197
134
211
104
200
27
133
195
11
253
89
188
83
94
29
197
52
59
235
101
48
248
215
32
264
59
185
67
116
128
182
18
200
17
161
65
163
98
141
63
21
89
204
121
51
60
51
50
186
101
204
166
186
207
154
149
137
77
99
108
65
26
102
36
19
71
131
103
272
207
22
118
193
120
112
16
53
173
83
160
21
38
195
18
13
144
15
239
110
214
200
222
136
186
4
36
82
35
175
89
98
131
125
26
31
124
53
71
235
48
55
37
41
156
71
70
90
245
83
182
146
123
7
229
214
96
69
82
204
101
53
205
181
56
238
101
123
218
60
184
210
107
102
226
148
161
141
179
3
200
71
103
227
169
51
36
117
102
128
45
15
69
209
159
239
115
214
27
102
140
24
245
188
153
45
75
269
30
72
119
20
39
106
8
65
235
240
46
183
150
213
122
159
61
132
114
24
100
57
160
73
123
154
10
160
238
181
130
134
175
19
79
30
137
64
59
196
265
138
58
82
173
174
39
87
101
31
17
189
1
120
116
160
122
278
34
118
62
123
84
83
90
48
58
161
76
165
77
256
212
232
174
163
124
19
41
137
135
97
190
52
125
178
171
69
77
219
109
65
68
64
219
141
52
58
177
16
115
60
77
3
258
214
129
39
237
104
167
103
30
142
137
243
178
52
248
9
52
103
256
274
60
88
176
61
182
107
182
141
183
51
212
8
230
202
189
186
121
141
137
157
194
244
66
115
61
112
82
80
16
179
79
87
60
188
128
26
36
43
64
43
98
59
179
64
221
138
186
42
103
140
114
168
162
252
50
153
35
87
198
125
199
127
207
117
195
149
95
136
50
63
80
36
88
40
140
123
187
50
50
78
183
37
139
59
142
157
127
154
106
36
157
51
206
139
60
161
202
209
116
63
25
282
213
129
51
70
138
183
218
43
99
166
65
171
95
90
156
33
156
13
248
182
42
107
124
29
134
27
280
33
232
213
106
57
22
131
166
74
248
271
208
114
20
259
11
101
181
35
255
132
30
17
246
11
67
67
186
100
209
213
125
42
23
16
85
196
48
197
126
236
58
237
15
47
22
51
37
73
147
114
205
47
114
162
13
19
101
101
12
233
106
141
189
233
148
86
36
51
75
161
105
129
164
178
139
166
51
168
68
47
104
219
182
74
150
64
251
127
8
77
233
182
162
69
120
262
143
223
101
153
55
98
84
44
98
209
186
26
212
53
69
241
62
225
73
139
105
146
81
88
191
87
162
83
96
143
271
68
195
97
214
185
207
257
137
78
11
221
80
97
186
133
227
42
281
58
178
19
216
1
122
34
86
37
147
179
65
15
28
164
213
89
47
183
250
18
201
42
83
181
43
20
200
143
14
112
105
227
155
30
221
209
68
177
215
43
266
215
167
185
262
265
131
20
138
211
115
58
145
5
215
53
148
97
52
172
127
166
35
148
150
47
44
33
181
83
53
59
14
77
216
135
192
6
85
192
57
208
162
84
76
135
188
63
228
51
161
29
49
181
160
1
8
133
143
31
241
158
275
1
2
67
176
79
120
148
154
180
59
61
134
79
169
137
28
53
217
207
101
166
242
236
17
91
152
257
45
8
105
206
196
84
73
100
97
229
150
86
274
136
94
73
149
182
222
58
161
72
183
119
179
57
99
195
75
161
94
102
164
33
96
38
223
232
88
60
215
151
152
175
232
227
96
71
58
128
255
156
24
5
37
34
196
69
112
79
22
140
8
173
220
94
233
143
109
56
8
96
38
3
38
79
34
227
191
148
136
111
92
89
229
213
241
2
6
222
24
120
74
97
40
216
90
155
215
209
101
40
16
239
275
23
45
46
44
210
213
121
51
227
36
93
15
57
69
73
87
201
179
172
195
178
135
234
160
121
84
16
141
32
163
3
8
33
261
28
206
149
127
164
44
142
215
268
50
103
200
83
126
98
125
164
100
93
45
14
111
146
18
81
85
108
166
257
73
46
40
207
182
77
29
105
51
16
197
250
185
12
69
126
1
121
143
278
232
57
92
193
136
36
89
19
119
41
1
154
33
245
21
53
83
67
106
86
106
24
163
114
243
46
133
198
177
180
79
48
49
50
47
29
125
195
280
19
24
77
17
87
148
136
147
56
102
95
5
277
230
230
125
151
176
118
15
15
109
59
7
19
120
45
62
160
153
156
89
137
140
109
69
171
246
64
238
252
141
35
107
255
64
111
265
100
169
94
17
141
61
165
170
193
77
35
63
180
92
192
74
32
45
174
112
114
231
105
136
233
54
123
172
212
101
210
244
11
60
158
271
250
81
55
101
221
69
200
113
100
238
62
71
87
81
166
72
116
29
132
208
233
52
233
139
147
46
22
35
5
177
233
10
155
91
270
134
83
56
57
24
131
5
159
115
93
36
113
110
204
22
13
29
29
149
23
33
1
117
260
23
115
138
206
54
118
33
56
28
221
121
33
79
122
239
175
222
39
184
209
166
136
199
99
85
110
113
4
67
220
37
172
81
168
175
133
68
269
27
143
236
115
216
67
209
134
235
271
82
224
188
20
42
149
187
58
82
187
225
140
69
29
170
94
227
22
145
118
69
226
85
252
45
20
27
18
24
12
179
131
199
25
105
100
159
237
39
257
14
70
24
11
70
198
73
98
1
80
198
14
166
78
186
159
20
48
233
64
1
201
252
202
87
18
69
152
205
182
121
224
87
259
182
207
123
216
230
64
175
73
138
97
245
163
236
6
222
99
69
42
150
38
127
44
18
111
190
128
108
40
140
268
100
96
178
231
17
18
93
23
37
14
38
276
103
177
245
249
275
158
97
75
23
124
41
22
245
95
109
73
127
19
274
155
153
141
149
186
111
82
155
171
4
176
44
79
21
43
85
131
89
192
114
209
27
194
95
6
16
52
111
224
1
238
240
168
219
118
80
89
26
244
42
53
148
97
172
263
168
243
84
220
164
233
130
42
20
81
108
139
103
206
8
90
196
230
78
199
42
151
52
105
240
23
233
203
50
181
172
82
136
34
203
75
79
144
10
149
56
247
158
33
191
17
158
72
141
168
53
183
207
234
241
207
95
247
118
224
12
267
80
261
88
171
80
1
249
277
109
21
9
240
142
10
180
24
145
228
97
132
168
130
105
37
190
97
268
37
90
23
143
38
72
190
106
59
74
242
23
214
41
96
84
225
180
2
94
276
77
25
240
85
196
212
181
81
28
218
278
224
52
119
56
135
219
41
174
182
138
224
184
116
28
148
4
120
74
66
123
7
173
26
43
103
35
219
178
104
92
32
50
87
259
251
245
104
270
43
49
50
143
123
86
121
19
51
162
75
86
66
195
91
17
241
162
230
88
218
155
156
13
17
84
50
232
167
86
243
245
2
248
147
259
196
41
30
64
16
110
193
228
110
132
16
123
67
107
15
212
201
131
173
58
191
163
85
213
61
263
149
63
202
224
72
204
125
120
164
214
174
69
14
216
66
123
117
31
98
167
51
108
5
190
85
79
162
249
133
146
16
240
227
55
49
4
72
227
146
245
95
14
135
154
244
139
196
12
77
64
50
165
128
7
30
23
124
201
144
202
6
76
159
224
100
201
30
222
44
116
9
93
227
141
81
117
172
133
146
168
37
118
95
272
201
91
254
122
14
244
34
128
99
73
109
104
219
95
144
213
106
47
152
23
191
55
153
214
121
34
178
145
41
111
13
26
53
22
141
106
64
270
15
243
123
65
215
38
7
136
64
179
140
4
272
31
130
96
144
18
38
273
185
123
84
237
171
188
257
199
63
38
190
116
20
82
164
75
159
43
70
16
27
5
95
18
108
6
13
229
54
25
217
48
148
22
269
202
164
163
246
174
8
132
222
58
105
51
213
241
23
103
17
1
59
122
230
17
19
1
180
185
9
92
269
45
81
45
88
65
152
21
45
37
28
10
80
117
83
154
247
22
91
115
14
9
10
155
2
98
131
135
31
188
33
33
245
5
48
51
214
242
171
92
99
88
50
168
102
72
36
240
48
96
110
2
79
75
238
49
165
91
102
162
146
159
29
240
211
148
66
2
35
21
174
115
48
28
49
228
103
128
143
31
140
236
153
186
173
272
169
34
5
86
115
181
170
213
160
167
132
46
271
11
38
32
237
104
93
234
136
116
13
88
153
80
139
146
116
269
89
43
78
127
185
132
1
40
226
235
31
30
205
56
31
54
68
210
37
105
121
14
199
69
95
10
12
162
75
8
154
14
66
63
24
162
142
32
189
242
242
73
239
138
83
74
44
174
81
149
190
216
26
10
90
94
214
77
34
143
235
72
3
91
194
41
266
16
47
46
128
88
142
58
7
62
264
130
197
129
74
204
166
15
24
64
231
191
218
80
4
65
111
262
218
119
120
164
85
203
108
210
42
162
207
149
19
28
198
76
123
26
3
33
4
170
134
4
254
221
189
100
261
36
68
42
1
1
121
137
256
72
16
45
204
1
180
265
207
174
87
190
116
171
77
24
139
193
89
80
174
15
64
157
161
108
255
38
131
193
125
82
118
258
153
50
24
47
10
139
222
16
133
17
84
54
133
143
54
75
2
242
100
15
33
159
69
199
161
203
188
94
41
246
217
189
18
135
37
167
80
185
103
193
189
237
41
108
131
87
31
184
77
214
228
50
223
256
48
120
256
250
161
76
64
137
52
88
37
48
157
119
14
50
67
45
20
250
26
91
255
123
187
186
120
177
87
191
68
22
158
176
31
126
242
168
244
113
250
24
241
190
86
57
62
153
32
180
132
223
4
41
154
14
90
129
138
119
219
48
266
35
97
53
14
32
222
253
144
24
6
69
139
75
114
59
126
63
47
185
25
115
244
60
110
132
145
68
176
255
86
111
9
228
151
59
128
234
180
71
5
204
117
36
75
207
91
117
167
267
62
272
88
53
220
276
205
228
4
226
170
204
37
50
240
135
9
75
163
21
126
62
71
101
38
247
156
28
114
214
216
232
181
27
94
24
35
20
116
170
28
237
245
105
25
125
38
144
106
262
245
106
107
218
92
140
58
22
60
51
164
113
250
94
230
75
176
17
123
82
135
89
164
131
17
73
169
26
34
118
121
155
166
79
209
113
21
35
155
176
272
87
86
128
223
37
159
267
12
55
5
232
57
3
75
34
93
49
154
183
40
196
190
71
254
49
192
118
15
92
186
158
30
87
169
279
116
272
124
191
1
37
236
205
34
113
43
208
262
127
193
18
185
32
71
35
133
223
70
46
231
97
212
135
197
24
139
38
175
97
206
87
26
273
82
276
225
185
57
89
110
86
136
83
9
72
92
81
19
65
116
142
198
133
70
191
247
174
123
38
255
210
104
255
138
141
113
83
247
231
45
64
40
128
49
162
71
168
23
89
8
88
245
227
210
66
217
204
123
220
60
201
239
262
162
15
58
94
78
47
252
106
219
213
251
253
29
3
22
218
161
37
236
34
19
46
131
65
62
145
148
89
67
55
15
172
36
124
138
169
13
10
187
66
249
35
127
113
60
200
189
107
40
56
116
78
104
178
88
124
277
139
176
108
125
89
72
191
203
84
266
247
90
100
167
52
166
265
84
169
258
138
28
19
103
6
21
34
89
125
110
84
66
98
237
27
177
145
64
83
10
177
183
247
198
82
3
32
163
229
273
10
144
91
204
198
6
113
168
103
180
257
5
106
207
9
75
105
220
150
29
132
22
114
169
66
39
25
87
14
24
150
169
18
45
120
52
203
47
161
70
86
94
151
234
264
151
38
214
219
163
164
108
145
52
216
3
115
28
269
221
127
155
175
71
111
11
157
90
227
168
146
36
125
226
223
192
225
168
16
248
54
96
19
229
21
85
43
127
259
29
26
159
54
75
170
3
203
266
101
144
15
50
21
237
129
238
34
225
33
186
155
49
17
281
112
109
102
77
150
27
137
116
212
42
106
130
60
107
254
198
171
136
56
60
108
89
189
138
149
147
26
195
201
53
15
42
222
56
17
68
18
50
8
183
39
217
183
20
48
228
204
76
93
253
12
3
50
62
167
121
14
271
25
27
147
16
231
3
162
30
3
116
183
139
133
85
247
81
121
5
160
125
14
75
9
264
79
126
114
98
45
242
177
102
129
12
197
132
67
52
269
23
66
87
70
50
203
240
4
168
26
96
187
154
225
83
65
256
167
231
145
47
234
85
56
219
1
103
187
99
248
19
45
79
162
253
169
252
126
81
151
134
23
153
168
169
209
152
196
185
213
174
261
137
91
166
185
122
113
191
71
54
94
2
174
79
42
80
71
225
57
122
103
13
88
142
169
66
181
90
57
83
47
184
243
116
230
234
48
80
32
129
159
133
138
118
10
125
84
86
243
125
51
83
96
248
184
168
214
134
236
150
91
64
97
31
94
245
35
227
115
138
187
96
164
86
1
176
205
130
276
109
26
191
165
165
98
6
53
267
82
223
100
24
1
84
239
136
26
113
26
24
83
139
228
146
89
104
85
47
104
231
100
250
211
36
165
19
49
146
34
135
112
32
46
215
81
165
123
190
65
111
161
93
181
19
159
92
122
111
109
213
213
70
133
4
23
268
139
48
184
167
8
102
22
163
221
87
255
40
44
133
53
216
56
108
30
168
215
31
16
54
105
23
214
21
162
1
9
264
78
260
100
163
224
136
92
224
2
86
211
41
155
179
89
61
24
184
14
191
195
220
210
102
250
239
165
131
199
66
18
108
158
120
49
21
91
72
195
110
220
118
41
142
168
48
197
214
164
15
63
218
24
129
162
212
15
174
175
177
177
116
52
8
145
223
239
168
78
153
199
73
72
35
52
229
198
240
100
238
194
36
120
95
116
196
170
19
137
77
111
206
31
230
191
265
174
172
4
22
51
127
1
195
194
36
234
129
44
25
31
100
26
97
91
58
69
74
149
246
29
30
119
104
91
213
61
19
28
57
100
62
43
270
180
113
272
188
102
59
91
160
60
260
153
71
269
53
193
168
29
161
110
231
23
157
140
102
28
248
4
139
44
271
65
206
89
136
206
91
83
209
17
130
140
22
124
96
249
32
152
50
226
128
205
178
147
10
54
172
19
103
145
129
188
37
110
148
111
68
34
145
236
33
23
102
46
251
217
86
135
197
194
95
41
133
76
75
6
107
31
107
5
143
157
84
200
43
96
185
97
98
267
206
109
57
19
31
26
1
15
143
80
92
188
46
262
34
126
28
19
23
224
224
212
115
134
111
270
40
259
71
236
214
155
214
41
115
180
133
112
230
83
15
149
64
273
175
163
87
95
142
232
268
75
86
156
58
14
194
125
109
195
189
102
105
169
171
50
252
169
56
196
158
215
88
214
253
131
228
27
234
217
118
180
26
134
113
215
19
143
138
180
75
147
156
62
177
23
132
121
202
106
136
160
33
86
122
243
187
48
197
123
79
2
15
138
6
238
188
150
87
24
14
137
161
244
65
32
151
27
257
181
245
46
82
102
123
210
66
170
55
25
40
164
248
50
49
128
89
241
135
95
81
120
159
151
74
81
113
41
159
204
103
140
234
140
43
170
75
258
155
54
87
20
169
32
99
248
76
149
211
145
207
163
215
68
1
148
115
8
100
56
45
129
89
47
108
141
23
210
275
126
138
167
110
226
34
152
119
54
1
150
191
231
73
62
128
129
178
7
141
90
55
46
62
273
6
144
22
60
57
72
218
255
62
177
33
119
160
117
124
195
217
226
259
29
225
261
74
39
30
193
153
50
250
239
157
51
125
134
275
123
36
103
89
227
4
172
133
82
160
239
196
144
81
110
107
32
142
11
12
109
117
135
48
159
65
95
22
4
172
98
135
200
28
128
21
19
220
64
222
223
152
56
22
113
2
22
95
88
1
120
68
3
27
10
166
115
85
166
116
32
110
121
9
267
55
50
246
190
74
125
203
32
52
8
165
79
45
87
238
133
133
141
214
39
60
83
15
220
46
273
150
248
50
272
95
145
221
52
118
135
203
181
55
250
116
59
177
127
76
205
245
144
225
247
223
257
222
210
75
153
167
39
213
79
121
134
132
132
234
174
143
57
260
252
208
80
86
197
178
221
168
135
238
32
231
37
48
87
90
104
110
116
144
88
250
97
218
94
192
1
149
54
150
21
27
23
34
35
119
85
133
111
98
110
10
175
210
161
28
146
83
4
210
3
163
13
83
73
148
177
247
30
54
137
256
72
116
7
79
214
88
243
25
195
30
254
84
230
44
105
22
52
122
248
97
175
263
56
161
1
75
2
120
240
241
267
113
133
207
227
68
170
60
93
173
110
181
25
14
144
116
48
34
122
112
203
150
134
134
110
51
79
181
85
28
184
63
117
7
160
39
141
139
192
194
19
204
157
101
206
42
232
62
101
55
180
79
69
156
184
45
220
49
149
71
93
30
60
268
242
5
173
156
138
77
8
81
237
175
67
237
147
97
146
140
155
190
151
25
23
30
151
137
132
31
42
156
267
138
274
109
73
215
243
239
110
110
139
151
250
90
210
109
226
127
239
133
265
124
55
236
58
192
77
29
219
110
218
117
178
220
275
131
58
109
12
149
264
63
32
95
178
130
97
10
177
163
180
66
88
146
5
223
149
232
183
151
137
109
267
230
256
7
16
78
170
155
106
211
85
166
20
116
99
199
116
31
153
65
39
250
15
73
210
17
170
74
161
138
33
55
17
71
66
141
112
217
37
263
229
27
159
235
255
48
163
45
15
91
209
40
243
10
121
121
157
129
60
124
4
47
77
16
176
149
211
72
237
114
11
118
61
182
230
168
33
30
171
75
174
39
13
65
211
151
9
189
257
129
15
201
143
13
159
19
19
66
127
161
89
67
248
220
46
37
125
243
218
102
158
137
175
40
203
224
124
182
26
280
14
238
144
209
4
18
227
144
26
109
228
38
37
83
2
247
30
226
6
213
59
2
66
91
145
180
103
201
159
22
46
246
80
213
3
166
65
58
138
87
88
155
65
3
244
199
229
18
111
95
28
210
208
185
146
162
39
96
86
148
256
140
183
229
251
144
156
73
71
44
163
198
211
143
201
155
216
35
239
189
38
27
230
8
65
34
255
179
157
56
125
230
274
66
36
2
204
173
23
153
24
81
233
272
120
141
89
102
110
269
66
183
224
230
221
109
57
170
209
52
25
72
130
16
50
268
230
147
261
261
77
81
32
242
82
96
49
193
164
253
199
3
81
130
16
133
67
154
24
12
113
119
230
237
27
264
65
143
273
142
195
4
87
69
158
88
273
280
140
163
55
133
33
132
1
224
166
195
25
85
164
69
147
54
190
46
124
1
180
20
172
119
109
175
47
254
61
54
185
63
53
174
40
214
197
147
105
59
208
152
247
156
74
82
43
89
120
257
25
51
148
167
74
106
191
112
68
172
208
193
4
214
144
75
220
198
97
40
174
63
223
106
211
122
24
108
207
194
70
119
20
194
74
200
122
231
51
265
41
1
31
53
56
225
36
92
213
75
54
55
242
4
165
191
90
49
167
20
104
52
92
192
199
155
155
192
92
42
28
31
144
86
121
188
77
135
140
193
263
220
257
11
30
4
227
110
2
60
39
166
27
118
210
120
126
133
186
198
50
14
76
34
13
77
26
239
208
162
128
32
74
71
231
193
153
32
233
66
20
273
97
64
205
13
119
222
214
141
96
97
76
235
65
172
81
71
138
10
167
116
29
168
117
111
170
96
86
163
107
207
54
93
78
222
141
66
143
78
181
159
193
21
26
167
49
154
198
84
70
11
167
202
189
164
2
126
190
212
178
164
133
163
58
37
90
236
133
196
72
103
166
163
176
216
43
39
110
90
183
194
275
2
229
223
43
55
49
138
4
103
87
29
2
44
4
220
46
263
157
120
5
14
31
216
3
68
15
132
104
62
6
110
142
66
171
89
134
253
227
82
134
57
177
223
159
72
80
108
1
151
236
9
137
126
80
76
265
16
53
162
156
110
20
4
42
140
87
242
18
70
47
20
89
192
2
91
29
194
50
82
188
218
16
169
107
31
102
20
138
147
120
39
108
19
65
195
185
158
4
191
104
50
70
86
46
44
153
108
175
138
105
202
230
246
118
159
78
155
52
9
225
32
21
182
60
278
27
42
94
239
33
28
170
23
55
172
116
5
165
76
92
51
64
180
49
81
119
148
40
148
96
148
124
102
99
244
15
28
210
35
123
184
23
49
55
205
90
15
83
132
254
65
202
147
30
152
80
98
17
191
82
150
282
196
47
130
91
118
73
126
31
56
255
3
202
221
107
2
179
272
210
100
92
27
83
115
7
258
151
248
172
154
55
13
124
111
77
154
263
204
62
61
199
101
38
67
19
90
98
189
270
94
249
32
35
27
53
217
175
108
189
8
126
61
58
240
7
71
24
86
113
118
42
105
227
96
220
264
41
42
105
54
164
51
165
187
123
148
7
147
83
79
161
83
89
196
186
87
98
125
17
69
235
142
63
98
90
155
37
105
144
126
34
41
153
13
246
76
95
132
71
38
38
52
189
102
238
95
56
208
246
93
248
100
8
204
181
23
168
202
268
19
197
72
257
142
218
215
49
63
131
57
43
90
48
179
186
29
66
82
192
19
95
95
70
209
18
198
133
42
39
23
137
257
98
106
181
209
22
50
271
97
119
135
209
48
9
115
106
187
201
37
239
212
218
182
120
24
133
4
177
129
71
95
175
280
258
124
23
78
246
40
14
225
182
182
9
119
65
20
142
244
240
13
216
54
224
180
34
21
209
212
33
46
193
250
209
190
21
52
220
2
62
215
77
235
190
69
74
103
42
58
182
113
125
162
237
55
186
98
43
27
15
220
162
16
69
141
3
83
123
164
182
212
29
3
43
171
47
62
230
192
87
199
39
201
111
77
120
45
3
27
94
42
212
6
91
101
78
80
144
213
4
96
174
100
142
49
104
146
160
37
35
135
27
12
274
57
50
86
174
16
24
185
214
36
186
29
114
180
71
85
162
167
132
75
233
62
45
180
153
144
131
59
75
157
19
17
8
276
187
26
95
89
269
233
96
81
179
41
50
122
41
94
79
229
141
57
153
130
139
106
197
95
251
261
135
49
10
81
113
98
175
271
233
11
116
128
79
64
108
89
104
248
205
34
57
96
84
188
110
35
25
190
182
103
150
23
30
29
136
14
157
145
61
57
106
65
90
117
175
117
188
213
207
71
58
82
147
64
211
241
210
15
252
164
143
53
87
53
197
117
180
205
218
108
128
35
152
125
207
78
24
192
65
9
250
125
11
81
184
150
151
75
198
32
274
151
13
145
91
234
249
18
150
60
194
72
198
151
32
94
23
112
90
149
113
250
146
127
68
118
186
126
24
132
33
172
73
143
259
191
121
111
30
9
183
124
88
208
105
21
107
83
253
193
122
75
6
90
268
31
238
281
67
82
150
30
264
19
120
121
197
31
76
116
189
224
61
107
204
61
97
132
84
193
250
250
166
263
120
61
19
142
19
156
2
257
158
75
42
18
68
38
142
55
128
203
64
187
251
105
13
68
268
132
100
48
38
17
53
30
144
156
147
88
224
34
17
51
171
58
126
250
106
183
68
193
77
165
101
118
240
78
89
57
231
224
6
135
15
55
210
8
123
85
115
187
166
93
272
193
27
84
55
73
204
1
211
26
147
161
109
136
132
29
154
184
143
217
136
44
65
70
131
158
188
154
129
189
220
267
42
177
139
38
145
54
225
118
200
191
72
7
157
198
142
241
116
217
27
23
47
35
37
225
279
173
254
176
51
135
31
244
82
54
154
70
23
6
65
173
64
224
64
241
170
99
181
15
116
12
15
100
90
58
87
208
49
160
263
21
45
253
149
13
123
212
160
166
241
166
45
116
141
59
109
71
124
114
185
142
254
75
272
41
178
41
53
166
156
235
181
143
123
209
175
125
13
220
40
166
15
41
121
112
85
66
9
43
102
2
145
108
265
201
134
14
52
114
204
274
66
182
122
146
43
235
32
60
172
189
251
8
29
98
138
176
76
212
17
256
105
131
38
55
156
240
72
23
214
245
62
67
233
180
51
132
59
134
72
74
147
85
18
2
155
107
223
220
145
31
114
48
134
8
50
161
40
260
149
46
92
4
88
12
81
84
79
43
51
253
23
59
84
213
173
131
76
116
27
25
146
135
156
78
103
12
159
63
169
59
33
31
98
143
54
257
146
129
129
214
148
107
83
77
73
130
18
17
6
112
105
195
90
96
14
12
197
263
239
77
15
96
71
242
158
160
6
7
175
242
42
243
231
76
85
219
12
222
102
243
212
199
43
210
223
39
116
47
36
125
42
44
5
221
107
189
42
238
38
119
8
180
120
20
155
125
200
123
143
102
75
173
27
186
98
133
179
97
149
127
170
160
231
56
192
151
41
42
183
42
54
10
263
248
262
240
145
37
105
98
82
251
35
143
229
42
145
172
2
219
62
101
258
77
126
140
59
129
1
30
211
187
252
151
245
11
31
118
224
139
1
147
1
47
87
8
126
85
30
259
179
271
161
93
206
266
17
219
11
229
162
15
212
248
40
27
161
5
3
224
11
201
182
71
98
170
137
60
11
272
115
185
186
8
191
160
145
61
124
201
220
17
6
268
136
18
15
85
149
25
243
99
37
14
73
21
156
64
37
198
159
191
73
165
120
14
240
46
34
63
132
179
19
36
179
29
151
224
156
22
176
279
76
111
115
2
142
151
57
126
26
103
136
87
103
70
116
16
103
104
75
51
88
114
4
8
126
172
32
122
14
166
134
204
168
16
78
248
138
78
3
21
47
211
190
19
138
82
52
55
198
123
72
100
157
129
23
45
208
182
8
170
266
58
149
110
128
176
36
129
30
54
80
148
86
116
127
73
180
1
33
183
277
133
75
207
168
176
193
104
176
61
80
111
15
187
45
116
128
235
71
4
101
77
263
34
63
162
155
113
158
49
21
72
103
50
114
125
43
11
179
87
48
151
68
178
23
219
203
187
120
34
142
109
64
62
56
157
247
153
60
188
232
34
80
157
278
135
43
177
2
178
81
153
258
4
194
101
204
74
110
163
191
7
143
49
240
44
99
232
84
211
142
222
188
9
88
29
89
62
12
126
151
3
192
68
45
199
134
161
231
23
131
53
263
62
147
92
54
182
113
145
3
115
119
91
5
83
234
85
26
199
102
90
37
260
182
228
255
93
108
18
123
241
7
222
68
74
224
189
260
123
53
10
184
200
13
210
172
169
18
132
8
80
47
111
6
46
13
146
27
139
168
45
238
189
53
7
48
25
87
54
219
123
35
191
259
226
56
12
279
151
92
7
7
129
136
270
196
112
127
138
168
262
162
156
109
57
115
73
84
198
97
17
17
137
62
74
203
16
223
194
88
51
19
54
110
210
183
246
19
90
2
53
29
1
228
172
200
213
48
169
25
175
262
10
23
192
162
185
239
75
172
73
115
106
208
235
47
47
12
78
28
6
163
203
134
128
65
187
76
233
185
62
156
50
50
173
227
66
205
242
197
277
246
68
14
49
15
28
109
186
90
10
89
42
117
95
18
200
206
50
40
190
181
207
77
155
220
171
44
263
201
103
224
49
64
209
196
123
35
159
142
203
228
114
144
62
190
53
87
137
84
120
105
101
175
56
207
151
57
174
34
37
277
21
200
28
30
140
192
31
196
50
243
171
137
95
98
210
82
43
31
164
10
133
8
28
126
70
22
274
126
229
209
170
5
36
137
194
85
46
38
66
164
219
159
150
229
198
153
86
192
101
11
230
28
14
10
93
67
79
245
134
137
224
165
248
100
205
155
262
118
238
43
259
62
76
53
43
178
224
112
102
65
183
89
158
28
208
274
39
127
73
10
121
166
77
74
103
61
83
53
157
275
32
69
98
128
168
250
86
203
7
219
226
115
8
198
242
39
160
41
47
135
34
231
145
105
56
204
88
241
269
42
134
129
182
148
256
28
199
209
27
172
168
80
178
124
11
99
255
210
181
50
233
92
193
250
49
160
154
77
101
91
211
264
246
251
25
39
208
180
77
86
72
145
27
98
72
227
174
110
51
48
174
32
81
9
191
158
59
33
97
23
251
6
150
19
4
241
137
101
52
122
245
71
109
175
63
143
147
111
255
119
150
106
228
139
61
90
269
29
118
106
179
29
81
3
37
198
11
1
27
208
114
201
59
190
8
181
179
76
270
116
30
150
68
70
42
199
160
156
10
217
135
59
146
90
46
9
222
86
74
267
62
47
93
158
92
99
14
149
266
99
54
173
99
228
69
236
100
65
23
251
239
55
58
6
149
245
226
281
27
106
67
172
117
15
139
136
168
215
65
182
257
79
260
54
163
47
129
12
75
141
83
163
107
51
12
182
179
14
23
147
87
18
114
195
190
35
18
160
66
99
114
147
120
14
171
186
196
6
174
137
215
105
92
65
140
97
126
85
194
64
56
36
54
173
26
247
213
44
191
222
41
91
41
125
133
22
110
178
188
33
25
190
60
30
115
26
66
54
96
226
70
41
58
13
197
257
79
227
249
41
104
9
148
53
89
136
55
191
69
22
155
65
44
94
173
76
112
51
166
45
72
257
158
14
98
11
70
32
193
261
221
147
67
93
143
25
243
10
234
71
171
5
114
148
50
56
262
153
11
162
16
258
60
159
160
206
221
69
236
63
89
3
6
107
109
204
40
47
143
130
45
153
224
192
67
181
122
72
135
186
18
117
200
147
183
57
150
181
200
74
156
115
194
77
112
125
91
126
124
34
85
122
126
110
162
138
219
21
103
43
240
46
144
134
103
137
279
122
13
111
206
187
113
259
81
5
183
36
192
112
94
123
73
2
192
40
3
86
249
142
179
9
104
22
49
87
213
122
109
264
265
6
35
230
59
51
90
36
218
153
138
95
219
10
16
47
197
149
15
112
49
159
204
213
154
37
220
73
65
222
241
137
64
27
198
50
197
128
120
195
248
212
204
66
230
14
218
160
57
118
231
101
68
81
172
267
164
115
239
73
95
118
165
106
172
25
172
81
116
120
137
75
101
169
109
111
4
105
89
272
254
90
82
58
131
95
35
58
115
153
159
15
215
30
265
1
156
111
147
82
227
95
186
59
219
113
261
51
222
140
116
80
208
84
71
135
25
11
21
170
37
35
18
59
166
77
60
115
202
141
157
54
160
20
119
247
49
208
237
56
72
233
205
35
132
176
158
99
9
166
77
168
206
248
154
256
50
63
68
201
245
202
225
121
27
116
147
82
130
141
154
1
150
125
57
237
99
236
131
31
43
132
143
190
242
82
137
89
132
162
6
102
113
86
28
147
40
175
5
127
200
95
26
235
34
252
43
208
219
140
21
130
254
217
148
117
35
218
234
103
11
89
124
187
99
145
60
130
171
37
50
56
264
2
219
84
131
138
25
149
31
156
37
23
134
9
167
193
104
151
251
75
232
153
174
281
196
260
253
100
72
47
195
125
177
159
249
222
211
243
69
10
38
223
186
124
10
129
167
192
54
98
261
128
140
6
11
18
64
252
16
234
116
159
159
2
177
246
164
4
235
165
140
196
23
107
21
144
13
203
128
131
181
233
117
81
40
200
167
186
170
160
118
255
242
196
61
241
170
127
143
99
92
220
195
69
208
102
13
152
88
86
76
139
27
23
170
8
181
136
161
114
98
176
128
116
80
252
40
98
200
98
99
47
239
23
267
129
96
75
208
231
144
122
212
23
174
221
226
109
105
282
73
145
138
22
184
195
95
34
272
181
254
189
194
222
198
147
71
130
29
209
119
1
10
187
220
6
143
234
96
153
247
98
16
214
194
23
160
86
140
9
19
93
89
282
143
73
37
151
66
100
200
55
21
34
273
45
192
215
7
18
83
52
65
82
36
4
104
26
32
52
55
249
166
102
256
95
259
164
102
134
165
18
238
157
15
199
64
36
66
257
190
122
30
67
263
125
38
19
231
131
69
43
127
107
13
268
9
88
248
267
170
138
226
237
177
266
106
190
158
231
189
138
8
45
110
225
103
110
212
92
53
1
160
195
257
130
69
226
255
160
169
149
261
166
67
68
159
30
183
124
130
181
165
13
269
238
173
113
35
72
149
26
227
40
179
6
73
66
149
170
61
20
181
194
88
204
15
84
176
104
77
26
181
130
40
256
123
143
26
28
22
242
222
47
159
122
89
149
25
104
62
201
5
139
171
130
177
81
66
43
143
102
66
163
30
210
75
240
70
227
64
115
17
200
215
244
122
261
215
140
41
131
222
231
29
102
109
18
129
121
72
243
110
72
194
55
212
84
135
79
164
115
11
48
163
187
251
65
10
91
39
4
60
19
172
70
258
222
150
79
23
171
274
123
72
218
173
156
139
32
7
119
92
101
195
36
140
233
14
79
255
140
156
11
144
229
64
235
102
80
210
263
75
18
102
57
111
67
89
176
116
58
225
30
4
87
274
92
137
87
24
152
89
86
78
229
96
219
109
115
223
145
138
106
243
206
131
238
235
1
45
106
13
41
217
120
55
98
30
163
205
188
140
257
56
147
3
33
75
82
39
188
112
137
97
271
163
173
18
181
91
80
152
37
90
146
223
13
255
194
217
233
42
26
182
46
147
224
171
19
37
180
174
210
89
155
48
75
81
38
33
149
260
96
22
16
85
109
41
127
251
227
146
112
140
170
92
8
206
126
20
64
167
61
176
190
57
51
116
236
81
250
258
214
134
105
28
238
16
231
196
244
79
84
185
48
141
221
261
200
48
209
176
235
27
124
111
111
237
6
27
17
100
76
215
118
8
154
123
160
69
238
261
240
161
14
194
191
159
211
270
181
2
33
258
16
41
224
24
236
197
55
11
108
212
49
68
22
60
28
39
7
76
83
210
214
34
34
98
228
38
174
2
68
129
68
133
16
166
22
86
13
281
146
157
76
92
81
93
99
167
44
250
95
81
102
204
123
275
266
266
175
6
120
15
31
140
14
67
73
42
228
280
236
230
141
127
93
216
24
12
111
168
204
33
94
145
158
20
29
252
12
158
150
211
171
145
82
219
38
104
90
106
250
204
132
218
170
53
247
126
97
201
83
229
67
52
17
27
161
193
8
36
147
32
72
83
44
32
53
203
27
263
198
209
113
109
158
85
2
99
95
44
122
240
90
223
3
17
166
180
199
9
45
119
87
148
6
106
68
50
236
96
26
74
95
280
165
33
112
138
120
10
175
211
224
94
104
124
130
57
9
63
20
100
260
269
117
214
52
96
245
47
108
40
12
262
156
124
30
232
100
78
112
233
27
249
100
48
172
131
222
45
157
105
258
253
129
51
96
267
58
3
242
83
34
185
146
89
173
155
100
177
13
34
186
38
167
78
50
144
192
220
213
54
145
3
2
138
196
246
126
145
99
11
269
141
31
173
188
6
162
143
5
102
61
262
11
141
142
117
262
19
176
63
54
55
114
37
172
76
270
248
37
12
80
83
126
84
51
49
151
146
167
17
68
19
205
248
81
247
188
153
81
198
162
166
149
159
12
39
51
231
5
77
162
22
228
94
192
40
223
112
45
203
158
27
98
235
39
90
8
98
3
43
103
177
138
214
108
65
252
147
184
45
126
202
90
83
76
178
34
137
1
187
185
160
40
241
258
104
199
61
91
52
190
75
98
83
175
256
268
107
111
23
25
270
101
151
260
23
71
91
99
6
145
226
75
74
134
134
6
102
113
32
124
211
149
161
30
7
99
86
207
198
36
211
215
208
18
56
133
223
266
5
32
95
69
132
141
79
167
130
80
62
126
78
154
92
210
174
74
92
169
192
164
145
207
167
6
75
113
133
22
106
12
199
170
231
97
100
162
52
209
23
173
270
119
107
35
155
120
91
167
104
134
86
27
189
82
206
78
156
150
117
88
140
193
231
26
112
177
63
154
118
125
111
215
187
118
112
131
4
212
68
131
35
83
190
38
160
131
9
69
63
190
177
22
168
161
31
143
143
220
69
5
98
121
217
12
59
117
151
176
77
224
121
206
107
89
49
211
62
181
234
47
42
139
20
219
142
181
243
234
6
45
21
261
92
185
77
48
70
175
5
234
33
81
49
75
33
22
39
187
93
135
166
105
197
59
44
36
239
196
21
234
78
117
49
66
189
259
249
175
101
5
80
184
188
60
145
172
30
58
114
158
157
253
131
141
10
128
138
73
12
223
185
29
215
120
210
118
61
28
130
117
169
107
75
150
114
108
110
79
235
215
86
11
256
129
50
103
259
43
190
87
11
69
6
228
203
148
146
17
207
169
183
277
180
88
180
27
258
169
212
117
86
212
91
136
229
52
221
62
92
53
235
217
14
214
189
207
156
106
187
102
65
240
13
155
150
117
261
105
267
199
66
48
70
134
54
133
118
24
259
159
147
24
275
260
91
113
63
64
195
123
98
156
63
66
2
49
74
127
228
16
222
97
188
209
66
51
273
91
120
211
111
181
171
51
104
1
10
35
223
67
128
8
142
168
55
47
42
167
33
57
215
146
170
85
200
112
91
213
135
95
220
157
200
97
135
54
177
60
192
107
226
240
115
181
118
79
93
137
228
162
119
204
224
116
123
140
64
80
126
68
167
82
60
137
145
85
52
202
11
95
20
263
78
211
191
65
17
167
79
34
141
37
11
128
147
65
121
114
153
183
5
104
140
24
90
170
166
106
18
121
100
2
94
209
113
13
5
130
11
138
99
211
131
153
217
72
48
127
103
193
236
177
123
43
117
117
8
246
66
56
186
110
107
41
186
138
246
81
105
4
172
234
237
179
69
248
57
77
251
138
125
5
64
36
34
50
219
270
91
89
59
59
26
173
3
235
226
93
251
174
29
180
162
264
24
61
48
195
168
102
182
160
142
182
130
128
260
135
49
214
210
234
189
45
40
61
5
110
237
113
94
169
20
233
112
224
18
168
46
88
199
172
101
81
62
54
88
204
69
67
3
153
216
138
81
225
118
39
131
143
97
71
120
50
19
134
103
258
245
28
14
249
63
87
12
53
77
228
148
31
230
226
135
64
152
202
224
149
228
193
176
65
26
107
69
107
1
30
52
182
174
29
60
19
9
77
196
141
30
97
1
29
133
149
12
215
103
55
109
69
62
211
177
225
148
62
158
135
143
191
8
30
101
95
113
173
3
35
27
168
213
67
247
179
131
107
250
63
63
28
280
11
136
62
130
223
113
135
38
113
34
187
6
63
125
24
33
4
167
181
61
31
14
95
245
20
107
135
267
195
21
124
23
52
94
170
150
213
16
262
206
38
47
163
141
62
137
114
66
137
77
7
187
11
66
29
105
168
86
195
71
181
38
251
39
16
161
10
26
157
211
3
131
17
20
188
55
163
263
266
166
192
107
36
23
124
270
25
33
24
216
111
225
257
11
1
215
116
35
31
2
159
64
87
255
79
6
222
42
85
211
75
63
212
242
125
185
134
129
73
32
208
28
83
211
150
146
199
71
23
50
113
175
75
4
48
65
127
182
193
15
182
79
126
69
141
238
52
62
165
49
138
252
143
81
100
229
55
164
33
22
164
131
255
60
155
72
75
13
97
71
39
98
158
186
227
177
218
118
150
44
201
239
98
133
219
139
41
146
44
268
194
133
72
92
153
12
130
138
175
213
105
67
239
183
96
38
255
55
8
42
166
227
176
44
66
105
100
227
23
166
3
256
79
102
247
229
151
1
14
189
124
59
222
51
195
87
173
46
44
208
137
140
54
69
230
179
260
256
144
17
39
271
10
