101
161
208
161
83
254
158
212
76
187
290
151
181
108
159
244
307
147
110
195
113
298
99
149
279
120
79
123
200
132
156
135
202
265
157
207
114
99
205
190
283
175
278
120
123
261
147
118
263
162
97
234
115
143
310
223
107
224
117
93
89
144
146
147
191
142
90
197
152
94
135
94
228
61
166
125
107
247
215
270
204
99
67
236
302
219
268
243
315
77
108
280
202
331
192
177
306
191
273
187
215
196
95
168
168
73
99
97
280
144
91
280
134
148
139
285
90
133
268
283
104
62
257
228
245
267
214
207
174
230
94
210
129
163
217
171
71
180
69
170
87
139
305
119
208
139
205
298
67
173
256
155
148
296
218
270
84
121
248
321
133
165
203
206
110
114
206
223
114
299
179
254
199
139
248
67
145
321
243
222
91
220
137
80
110
93
157
170
215
303
102
254
206
210
208
104
104
120
236
186
77
234
254
88
299
233
183
318
73
185
181
234
74
284
224
240
153
73
234
219
166
134
260
111
245
236
123
183
273
150
192
192
90
153
157
287
306
129
129
277
160
304
291
139
189
278
136
205
70
245
205
70
182
258
176
202
175
165
133
319
282
130
107
106
138
70
85
145
156
305
288
280
114
169
191
283
269
96
255
106
71
148
122
91
122
327
281
115
137
227
267
81
178
196
188
82
220
105
118
293
227
194
156
162
66
298
162
84
245
106
163
285
159
278
77
213
322
102
144
145
181
286
122
110
178
95
149
105
116
78
60
145
239
110
95
294
271
107
240
301
242
165
116
124
266
207
188
212
134
284
244
281
280
217
153
151
132
122
119
78
233
146
224
156
153
241
84
177
254
230
144
121
104
286
108
298
159
329
172
241
279
197
240
222
169
210
76
250
110
148
80
251
291
74
274
194
129
165
288
180
83
276
139
324
266
244
82
97
336
204
176
152
222
246
163
149
286
119
117
75
323
236
144
209
181
243
184
120
265
209
152
269
243
208
207
214
68
127
63
258
72
167
127
103
106
329
88
74
282
211
100
135
333
258
240
200
68
129
92
91
276
165
98
229
95
263
242
170
314
207
142
233
273
226
141
270
238
224
211
77
280
248
113
88
113
159
144
188
262
174
200
249
264
64
99
179
200
145
140
200
253
155
224
317
151
329
181
248
102
233
227
172
99
264
269
289
243
290
78
157
