3754.729
3671.625
3684.375
3767.459
3670.253
3434.788
3748.452
3907.653
3836.498
3444.734
3691.209
3638.313
3530.14
3624.172
3668.186
3689.969
3814.438
3623.094
3799.64
3740.285
3730.674
3614.943
3764.488
3806.21
3824.562
3806.726
3676.029
3941.264
3587.485
3862.121
3873.78
3848.51
3891.8
3700.025
3741.79
3693.356
3594.051
3729.005
3525.563
3850.668
3886.304
3655.702
3789.385
3615.168
3576.447
3803.007
3532.363
3931.676
3839.12
3745.967
3530.972
3969.844
3642.009
3644.512
3855.861
3615.655
3989.495
3713.481
3937.941
3766.247
3566.298
3829.56
3694.634
3672.949
3351.857
3687.221
3613.845
3500.611
3616.358
3618.574
3663.835
3850.613
3551.628
3734.607
3802.832
3926.269
3856.103
3653.748
3634.852
3687.907
3666.733
3719.827
3765.407
3699.9
3770.705
3641.783
3760.623
3504.143
3701.332
3598.452
3654.764
3844.859
3725.078
3800.415
3711.989
3827.533
3777.924
3823.261
4010.329
3774.52
3714.54
3684.08
3595.655
3768.04
3727.25
3832.282
3765.517
3949.76
3854.94
3783.367
3794.194
3726.064
3797.296
3871.889
3658.635
3720.364
3472.748
3579.982
3733.442
3736.004
3773.794
3939.966
3567.62
3610.267
3773.948
3688.21
3474.982
3679.84
3787.378
3802.571
3949.675
3839.903
3785.928
3589.324
3693.135
3768.879
3788.997
3915.929
3601.276
3727.398
3897.902
3805.72
3743.818
3755.403
3995.77
3884.702
3857.474
3769.251
3590.313
3955.587
3753.302
3890.612
3783.879
3766.213
3823.345
3683.714
3842.151
3713.362
3711.111
3380.98
3522.696
3926.729
3770.291
3987.4
3587.269
3844.075
3778.518
3574.769
3881.285
3810.265
