120.106
123.92
117.68
121.914
120.553
121.141
119.802
121.017
119.512
119.972
118.356
117.863
119.043
119.801
118.987
120.255
117.906
121.292
121.53
119.201
119.26
126.898
120.812
120.251
118.369
118.535
119.494
120.475
126.683
114.039
119.703
120.253
123.504
118.83
118.784
123.645
118.635
118.36
118.192
120.129
117.708
120.589
120.378
119.533
118.441
121.508
119.727
118.816
122.039
121.308
121.956
117.297
118.315
119.636
119.015
118.831
121.644
122.143
122.926
120.33
120.503
118.413
121.447
121.204
124.517
116.715
117.78
121.458
120.717
119.677
122.209
118.526
119.592
121.844
121.689
120.22
122.751
119.864
117.662
118.11
126.118
121.457
121.957
118.628
122.395
126.18
120.661
115.448
113.978
118.167
120.178
118.722
123.021
117.237
121.227
121.364
121.908
123.637
120.461
116.887
117.38
121.832
117.755
118.163
118.842
120.593
120.51
116.184
113.828
120.473
116.37
120.327
121.953
122.532
121.544
121.234
122.659
120.637
118.88
118.072
118.204
121.724
120.521
116.187
118.377
123.924
124.398
122.086
120.282
122.335
119.836
119.789
121.421
118.53
119.422
120.401
118.353
123.001
115.827
117.559
119.656
121.315
123.575
121.504
118.904
113.282
119.026
116.117
116.875
120.976
119.793
122.378
122.007
124.845
122.141
123.265
122.915
121.64
121.505
116.435
120.617
116.698
119.877
118.772
118.916
116.785
121.324
120.315
117.02
123.071
121.26
120.255
120.529
119.94
122.108
124.221
120.681
122.696
122.284
123.113
124.718
123.177
121.231
121.309
123.981
118.827
120.221
118.356
121.825
118.81
117.727
122.262
122.68
119.649
122.69
121.674
120.063
120.846
123.41
119.496
116.493
121.024
123.27
122.055
120.228
121.143
119.07
123.458
120.224
121.796
119.476
118.465
120.923
116.262
122.054
117.032
121.101
120.317
121.317
119.515
121.488
118.257
122.729
119.932
120.998
121.707
120.576
122.808
118.528
118.828
123.329
123.135
122.22
120.302
120.299
118.565
122.913
121.496
123.475
121.84
120.435
124.192
120.582
121.422
122.778
118.278
117.794
123.2
117.746
119.519
124.032
121.676
123.036
115.969
118.193
119.574
119.183
116.761
122.369
121.772
119.487
121.897
122.256
119.442
122.893
121.529
123.407
120.612
118.53
119.09
115.153
117.194
124.893
122.549
119.152
121.711
116.938
118.925
118.177
119.008
120.079
121.089
117.395
120.732
120.698
119.108
119.332
118.07
123.546
123.476
119.089
122.887
119.353
120.669
122.369
120.781
117.209
118.068
119.689
123.47
117.867
119.636
123.685
117.168
119.429
117.263
123.016
117.998
116.204
121.535
116.718
121.118
121.416
121.341
122.964
121.695
117.363
119.257
116.039
122.002
119.598
119.109
121.302
118.675
123.317
117.824
120.15
121.229
120.675
121.455
124.944
122.083
121.647
120.571
118.476
122.267
119.584
118.843
120.098
116.706
116.663
119.869
119.558
121.426
120.834
124.334
120.516
120.032
117.886
122.247
119.004
123.281
119.31
121.257
118.43
122.057
119.698
125.609
120.952
117.657
121.994
117.353
120.695
120.625
118.79
124.361
120.331
117.694
119.497
118.808
123.825
122.629
120.328
120.499
117.344
120.778
121.254
121.818
119.961
119.164
119.06
119.295
119.108
118.479
121.643
129.363
116.988
119.895
119.519
123.261
123.502
119.935
119.823
121.225
119.392
122.976
119.472
120.818
118.5
120.392
119.6
121.561
121.636
116.219
124.702
120.64
118.368
125.935
124.36
117.227
119.401
120.464
120.062
118.899
116.957
120.356
121.654
116.626
117.825
124.671
115.972
123.464
115.753
121.086
116.118
119.708
118.532
119.132
120.26
117.826
118.512
120.986
121.163
119.78
117.657
117.428
123.845
118.793
122.941
122.68
122.225
125.332
118.713
117.193
121.059
119.591
117.356
120.019
118.354
117.541
117.846
119.923
123.123
122.239
118.054
116.999
121.199
122.523
118.667
121.463
124.728
120.171
122.429
121.166
117.174
124.077
120.182
117.265
119.001
123.779
120.309
122.464
119.906
119.715
121.404
122.786
120.463
121.015
123.565
120.774
118.429
121.123
122.355
119.846
121.894
120.517
120.82
122.089
126.209
120.213
120.97
121.396
122.549
121.463
116.41
118.555
120.853
116.53
116.645
121.012
121.33
120.135
122.915
120.159
124.513
116.652
123.407
117.166
122.348
120.386
125.34
117.801
121.227
121.56
117.314
122.226
121.46
117.564
118.06
121.688
124.765
121.438
118.481
119.02
118.994
119.449
124.135
119.897
123.598
114.335
121.087
123.187
121.298
121.216
118.159
120.08
120.328
118.615
121.288
121.242
114.489
120.877
119.078
121.467
115.899
120.694
119.144
122.593
124.559
120.173
122.09
123.329
121.683
119.084
121.525
115.531
120.797
121.414
117.798
119.84
120.035
121.217
119.541
119.232
122.517
120.442
116.698
120.664
118.404
122.94
123.612
117.213
118.911
118.258
117.909
116.81
122.75
122.17
119.827
121.859
118.427
124.052
120.451
119.156
123.33
121.767
119.316
119.841
119.977
117.698
122.655
121.491
117.547
119.917
121.023
120.605
116.959
118.31
123.107
117.994
124.507
118.166
124.776
119.005
116.593
117.74
119.74
120.086
120.015
120.605
122.009
123.084
117.839
119.143
118.635
121.322
123.8
120.956
117.731
119.127
120.867
118.967
123.389
119.9
119.695
120.322
118.612
120.788
120.269
119.084
119.147
118.191
118.632
121.089
117.438
125.033
118.12
119.259
121.141
121.244
118.181
119.771
119.93
120.051
119.829
117.903
123.154
121.441
123.724
121.456
116.663
120.735
119.521
118.014
123.7
115.795
116.628
121.909
117.994
117.613
120.97
123.431
120.259
120.87
120.012
121.577
121.203
122.038
121.739
122.721
122.523
123.453
124.236
123.602
117.917
122.178
120.86
121.914
121.264
119.895
122.305
118.569
118.66
116.455
119.681
119.515
121.855
123.295
124.561
117.569
120.847
116.338
122.655
117.455
121.56
119.191
122.821
117.98
119.176
121.854
119.905
120.005
122.088
120.437
117.57
121.495
122.672
123.195
124.148
119.321
123.481
122.201
118.542
118.704
118.654
120.37
120.084
121.468
120.05
121.644
124.167
119.443
126.181
122.236
120.496
120.192
122.568
120.306
124.525
120.157
122.57
119.02
120.059
119.268
118.45
121.493
118.245
121.412
121.451
121.347
120.114
118.37
121.82
123.821
116.268
119.693
125.253
122.843
119.055
120.208
119.149
119.812
121.505
118.157
117.129
124.213
123.444
121.024
119.975
117.716
122.472
119.28
118.188
120.364
119.868
118.689
123.619
122.351
119.297
123.975
118.274
117.104
119.997
114.976
121.78
123.013
124.336
120.559
120.299
116.803
120.521
118.713
119.057
116.17
119.711
119.396
121.532
120.641
119.92
120.636
117.601
118.802
119.105
121.208
125.262
122.876
126.304
121.069
123.22
121.302
116.865
119.564
120.663
121.71
117.88
121.225
121.327
113.246
121.724
117.752
121.928
118.041
124.039
118.943
118.413
117.706
119.601
117.543
126.087
119.542
118.124
116.279
127.113
116.809
123.197
123.703
122.488
120.755
123.868
119.755
121.837
122.272
119.165
118.657
119.739
121.394
123.194
121.567
119.821
123.334
119.644
118.566
120.528
120.44
121.019
121.86
119.278
124.11
123.867
121.033
122.226
127.029
120.508
119.173
119.095
120.431
120.606
119.894
119.132
122.26
118.584
120.102
120.334
117.525
118.96
122.387
121.241
120.558
118.245
120.755
124.079
124.305
119.273
120.292
122.872
117.989
121.459
123.009
121.44
122.534
118.001
120.798
118.551
117.038
121.493
122.18
120.695
119.691
119.74
120.543
120.018
117.124
120.076
120.116
115.803
123.329
118.042
117.402
123.222
119.414
120.96
123.119
123.08
123.778
118.897
121.356
115.712
115.757
119.968
119.014
121.279
119.92
116.496
122.426
122.19
121.023
116.731
119.595
120.577
116.886
119.295
119.531
117.593
119.654
121.015
119.398
119.768
119.227
120.609
119.18
119.26
118.518
121.018
118.364
117.478
120.46
118.758
123.24
117.898
118.863
122.779
120.579
119.424
120.092
124.559
120.353
121.885
121.351
118.381
118.874
120.097
120.492
121.685
123.113
122.844
122.876
114.192
119.756
119.34
121.391
121.335
115.229
121.376
123.473
121.472
119.977
122.164
120.053
118.991
118.056
120.129
123.607
120.578
120.958
119.882
117.67
117.584
124.3
119.066
118.106
121.751
118.687
119.829
121.086
119.173
117.357
122.449
119.339
121.346
117.313
120.046
119.9
119.628
118.059
119.565
121.039
124.114
120.029
120.565
120.857
