207
293
126
47
477
155
424
167
254
485
44
487
479
166
376
435
246
302
498
54
105
434
274
440
136
225
70
173
462
303
52
49
261
187
184
77
380
155
453
259
262
253
363
2
267
336
294
17
130
193
325
220
214
64
264
328
250
318
329
401
412
353
463
258
218
288
312
123
345
273
443
285
60
93
245
204
49
155
325
102
54
445
462
116
420
186
311
220
419
340
130
189
314
408
318
47
257
168
111
271
38
475
68
271
234
375
292
317
63
323
203
148
314
273
15
151
222
298
348
56
157
405
13
34
147
156
95
75
6
257
466
415
200
154
269
480
466
500
292
91
229
454
35
77
4
200
40
387
23
461
267
132
264
44
63
167
55
110
41
406
242
258
443
180
253
52
231
69
324
296
27
187
209
389
341
231
79
292
487
80
312
355
77
231
144
259
346
335
84
333
372
331
386
477
486
84
366
77
97
87
138
417
253
307
275
457
127
278
343
380
59
329
198
266
237
156
99
497
432
210
188
216
254
337
188
127
69
457
294
391
380
291
331
184
338
330
233
189
478
255
429
349
447
88
66
65
451
108
497
243
151
77
446
369
2
148
275
260
109
25
168
339
106
478
312
495
85
222
166
210
221
370
470
350
165
346
22
320
351
217
223
426
234
372
313
36
139
179
483
385
47
110
104
99
122
418
365
118
266
432
142
324
70
469
325
386
292
162
356
355
110
23
412
474
116
224
364
257
22
414
287
432
29
320
369
133
396
203
494
78
87
125
385
372
312
485
53
345
349
207
266
80
259
79
475
421
177
139
388
366
232
84
489
483
191
481
46
97
158
95
320
4
89
52
91
129
492
441
91
364
261
59
58
156
112
457
500
462
101
244
56
259
487
164
408
21
215
130
102
345
243
362
203
97
214
323
16
83
256
289
205
86
280
269
481
188
119
428
295
283
131
318
473
27
84
324
245
242
195
82
257
411
297
404
486
311
376
137
92
445
98
470
368
436
233
219
197
96
159
372
364
307
339
296
278
108
317
393
425
10
406
27
244
136
463
158
170
85
164
294
398
260
327
434
481
246
51
440
415
136
386
106
281
171
23
478
287
391
354
445
470
124
420
401
490
132
14
110
52
190
112
49
469
104
470
404
338
39
494
214
425
7
41
381
444
360
401
134
86
349
384
266
413
15
31
47
129
459
67
292
449
139
14
472
262
354
265
301
441
329
439
398
335
401
299
77
51
66
194
214
84
136
434
435
185
194
293
130
226
316
399
52
335
470
478
106
488
297
28
162
342
32
90
261
255
203
56
163
6
414
350
316
445
212
326
443
213
120
138
21
103
196
449
484
214
249
121
263
262
324
80
112
55
452
27
52
137
121
324
65
194
455
312
286
107
233
484
347
472
23
323
406
406
177
451
413
26
116
185
395
171
60
360
156
54
267
443
161
397
183
2
248
75
426
469
124
303
259
163
446
136
79
237
272
260
271
201
129
404
393
77
262
250
231
113
2
370
124
265
372
407
217
113
242
84
387
365
435
287
184
191
358
305
354
185
476
81
2
123
469
455
357
79
370
497
85
230
327
233
291
122
481
459
340
446
158
82
85
337
45
336
322
107
300
2
435
146
281
295
423
309
82
72
462
311
67
74
241
141
486
276
275
50
187
372
95
490
260
246
421
189
219
425
463
478
101
72
295
91
91
232
422
313
131
387
98
407
15
491
484
312
46
77
193
452
11
355
128
479
172
55
114
205
39
434
464
295
61
107
108
6
41
77
391
256
15
205
293
324
203
437
447
308
98
3
97
442
53
57
84
46
194
56
284
245
493
469
175
488
482
488
496
269
251
471
427
355
259
127
448
239
362
403
357
116
263
213
299
354
123
384
106
325
432
419
83
354
302
238
29
234
156
295
30
135
464
400
338
22
471
6
170
441
15
496
399
77
471
139
222
226
49
97
340
373
193
23
241
223
17
48
461
299
79
382
12
141
199
313
349
47
345
227
163
87
369
273
80
457
354
44
398
236
400
245
180
236
233
322
271
471
358
355
272
366
77
24
162
16
384
78
273
412
330
373
479
352
335
32
170
247
480
119
265
170
217
488
77
341
50
339
148
164
298
52
230
96
403
316
112
147
389
204
279
238
144
401
22
356
387
313
281
236
248
469
90
248
324
150
16
189
420
478
233
267
405
464
118
450
443
76
137
348
178
379
26
253
259
263
166
179
41
31
161
389
124
103
488
249
98
339
260
69
490
318
334
39
369
177
462
311
127
45
337
463
379
250
160
214
231
173
441
242
216
446
171
115
376
481
374
199
467
359
6
451
255
387
185
416
89
331
336
409
413
21
349
489
474
371
180
249
201
52
459
148
133
305
399
385
90
250
413
465
358
149
338
9
148
11
123
487
352
266
93
455
116
307
4
291
359
54
192
130
83
83
243
127
483
446
326
159
27
163
318
440
38
428
242
58
64
428
265
427
237
281
46
119
182
256
86
209
23
487
205
489
178
294
434
366
428
188
154
496
369
78
391
438
99
338
443
487
271
366
146
3
122
130
352
360
61
372
103
313
144
376
98
164
362
266
145
165
378
274
52
327
6
336
174
208
128
270
263
88
345
461
103
69
43
411
364
78
358
27
449
67
146
277
300
457
186
162
172
495
144
347
445
462
183
159
430
422
113
82
447
94
122
130
453
250
274
155
455
404
13
424
480
157
295
79
144
464
22
200
204
48
372
428
177
311
126
2
193
254
385
5
315
317
184
300
460
192
16
310
78
75
7
328
21
417
416
299
158
20
386
49
194
266
29
294
488
344
391
23
278
13
181
216
25
97
359
449
31
493
253
491
444
448
183
130
254
474
108
370
485
251
311
57
205
230
149
226
40
318
274
44
414
234
236
363
107
418
403
446
446
353
178
178
297
19
390
441
315
319
318
141
28
316
262
484
225
500
120
15
440
383
96
432
366
167
295
77
441
366
369
175
12
189
150
392
58
30
267
333
314
266
208
237
109
12
480
157
2
154
196
97
71
236
99
100
36
330
421
170
114
53
334
498
460
30
79
382
387
401
224
102
109
278
415
67
369
192
65
150
153
34
362
130
399
313
120
478
448
77
260
171
272
344
461
84
422
130
340
201
419
97
189
240
22
397
488
201
130
316
31
224
430
297
57
353
408
123
484
410
313
150
208
210
329
257
449
96
413
203
330
48
243
171
196
7
149
358
62
13
243
167
127
220
125
204
26
266
325
185
111
169
73
64
343
480
33
439
396
398
180
119
77
294
458
98
358
183
412
73
99
221
364
35
345
271
314
433
65
450
67
210
153
294
322
457
467
290
157
238
111
402
472
8
290
314
261
172
456
418
475
419
466
418
260
134
393
413
315
349
440
49
221
346
419
93
116
224
379
353
355
162
219
440
90
73
100
132
73
238
173
422
344
307
109
127
220
275
361
278
416
193
347
316
429
71
29
317
65
315
299
210
352
376
88
187
63
221
452
241
428
200
311
180
347
389
128
103
224
498
41
424
205
70
177
55
41
481
204
43
174
107
193
431
468
498
487
44
141
149
354
414
93
107
60
459
476
109
450
448
249
182
214
141
181
294
135
128
345
99
350
295
71
51
235
483
201
106
120
396
382
235
143
180
73
442
255
73
415
468
446
367
77
361
427
322
418
80
188
52
138
377
281
102
167
132
148
265
262
68
269
49
417
329
46
440
191
486
151
469
334
208
118
105
379
205
429
33
465
138
499
115
351
274
264
343
49
390
87
233
108
190
104
364
225
383
27
113
438
339
27
115
399
413
425
322
207
211
170
214
424
432
446
103
180
173
255
402
385
57
282
167
152
315
209
421
46
182
251
338
166
369
479
9
472
450
433
93
30
20
489
486
102
455
500
339
84
353
101
423
433
494
11
471
421
339
216
454
461
415
247
247
136
313
155
183
243
374
26
211
481
76
3
100
182
107
467
87
80
320
48
231
292
139
186
326
390
224
177
493
407
255
178
405
401
260
280
221
423
462
282
189
453
362
377
214
362
222
262
401
2
309
135
377
10
53
8
354
194
179
202
277
280
49
62
457
300
496
491
442
129
34
429
125
315
90
275
474
300
14
274
164
222
463
382
18
281
236
461
19
300
255
430
73
177
300
143
133
284
160
311
320
424
276
213
363
292
340
395
339
329
382
139
137
333
106
213
373
483
3
253
497
469
331
185
146
109
44
479
351
415
245
472
384
390
483
438
141
46
102
398
137
210
361
306
123
473
347
176
453
114
360
242
346
395
344
33
162
163
111
297
96
265
348
250
55
45
433
417
189
447
89
251
158
487
262
433
359
116
92
415
32
135
260
249
405
58
369
462
402
352
170
334
303
62
263
479
69
204
405
284
258
429
154
292
265
13
91
362
264
456
355
392
223
483
374
458
443
371
58
315
277
225
331
24
269
437
76
394
263
132
399
213
331
54
43
315
194
268
85
463
400
117
103
290
288
397
12
428
212
382
359
359
397
113
200
231
125
168
195
3
384
496
292
327
51
38
137
16
91
363
357
222
139
267
103
113
211
212
229
10
444
467
124
79
356
378
115
308
189
47
277
472
118
384
77
175
262
61
292
91
294
367
29
314
275
79
343
472
215
203
354
167
165
173
163
186
369
273
224
385
263
249
314
101
500
240
344
236
375
365
363
47
46
7
430
408
64
257
447
61
225
364
393
248
378
362
439
283
59
458
293
25
309
47
424
418
89
432
360
340
374
163
146
428
22
277
234
296
440
173
167
434
363
211
322
237
127
341
9
340
235
209
431
483
360
19
234
97
111
205
431
415
23
445
438
384
373
130
113
360
260
130
345
325
114
213
198
30
52
453
166
341
343
342
66
187
287
26
79
346
132
483
300
62
226
326
93
326
488
330
99
321
474
449
476
200
158
101
76
363
257
267
226
92
382
265
270
254
305
118
432
268
232
45
420
367
31
333
293
377
464
436
456
443
220
467
291
324
77
267
425
232
248
220
71
63
333
184
52
100
448
280
487
377
193
300
31
4
14
22
135
252
60
281
492
87
140
72
265
93
307
121
293
452
440
442
460
471
234
435
272
245
420
236
202
224
92
369
395
153
484
226
39
344
474
246
203
158
178
199
136
454
372
480
435
482
231
152
425
363
489
358
286
420
312
401
139
438
485
443
171
152
436
78
441
73
177
289
200
461
23
388
282
440
428
36
104
309
411
310
383
346
390
483
108
58
137
26
5
249
279
415
483
221
471
259
245
67
488
408
459
3
383
142
406
173
220
350
247
256
447
339
452
364
339
8
316
8
415
488
274
413
57
180
47
414
404
81
286
16
147
443
433
347
68
494
17
208
289
250
362
289
259
239
212
172
238
304
221
435
375
98
84
303
496
451
447
341
459
405
33
119
394
169
126
468
362
279
319
163
268
233
160
310
460
185
114
444
154
68
22
151
440
394
214
106
226
447
154
60
436
218
153
60
62
61
476
60
361
79
162
251
198
224
324
342
470
499
15
353
492
301
491
391
355
28
233
242
249
435
304
141
325
278
252
196
87
353
24
74
382
215
141
394
234
362
419
58
139
241
403
328
256
156
438
134
431
130
117
90
311
11
127
332
184
149
36
277
491
6
290
453
239
431
385
395
5
283
160
448
39
86
126
2
216
269
133
252
162
99
289
252
316
478
217
423
394
222
484
482
376
334
376
328
206
186
358
131
171
26
372
456
371
42
474
385
20
160
240
419
360
264
322
237
207
467
127
171
141
22
443
184
175
219
143
208
96
292
24
24
444
278
257
49
286
395
140
425
354
209
99
257
179
65
34
335
107
131
229
31
391
226
34
216
202
50
49
364
238
349
185
423
93
22
65
62
162
436
273
207
453
106
326
425
98
348
218
177
319
338
464
113
170
376
367
421
489
447
244
298
131
158
62
441
113
116
190
409
437
7
36
328
250
6
380
165
308
302
274
220
4
51
354
477
80
424
419
115
163
236
415
423
306
335
311
106
358
52
177
46
216
106
355
336
209
113
400
347
450
341
114
415
219
291
483
88
227
369
327
401
60
193
418
2
226
82
219
241
51
287
304
48
30
426
61
69
229
245
135
382
178
368
358
381
74
240
495
125
172
477
69
87
29
353
331
299
302
500
257
187
247
320
273
380
31
401
74
403
140
380
166
284
237
179
357
311
419
247
167
196
83
317
327
162
261
83
37
428
393
460
227
206
488
370
139
161
166
325
7
73
264
14
207
254
402
323
351
442
83
203
326
365
418
17
157
499
348
247
431
13
51
64
336
371
398
128
293
419
305
18
416
246
42
494
49
256
2
224
284
383
457
269
20
306
175
494
484
492
311
105
211
241
236
178
437
150
137
299
280
90
143
202
339
56
193
226
109
6
258
205
134
301
306
185
311
387
480
202
70
167
399
437
271
69
101
368
491
125
38
165
72
39
412
233
52
312
245
277
314
235
336
67
92
308
459
433
352
192
277
314
394
215
245
88
230
454
279
185
378
78
307
245
285
16
60
328
432
338
230
25
69
316
144
148
86
492
172
108
224
320
406
315
360
211
81
382
295
412
383
446
171
300
363
169
491
197
362
432
389
189
465
27
284
373
30
168
177
111
488
225
3
223
432
436
392
169
102
68
345
127
323
98
354
48
378
39
307
386
112
22
98
34
87
137
65
236
264
275
84
365
318
106
396
358
431
22
51
166
379
343
435
479
253
244
120
284
275
315
293
299
278
23
184
321
290
47
335
479
401
289
277
340
437
476
217
378
307
206
487
325
94
173
326
307
113
175
390
333
459
89
386
180
75
95
334
184
472
396
387
217
319
225
493
175
493
364
451
387
361
382
156
168
422
398
186
423
253
455
17
228
439
33
128
267
262
56
110
454
316
335
403
17
195
145
436
154
304
266
419
54
231
219
136
472
304
486
441
407
31
386
16
104
336
39
428
312
148
192
459
272
416
106
177
8
25
229
365
44
492
224
411
211
246
221
423
281
437
156
456
30
224
212
144
139
137
435
379
310
184
242
179
99
353
388
64
221
351
410
412
304
451
46
58
199
334
246
60
390
204
351
255
203
419
474
469
9
8
190
406
14
219
234
10
451
369
113
142
355
330
251
253
265
464
387
155
59
413
167
235
353
121
118
429
131
329
140
388
24
133
339
430
445
126
13
452
55
32
228
62
247
496
410
448
305
468
292
32
312
425
179
98
237
212
8
176
480
343
219
241
101
52
90
341
303
231
354
283
81
115
324
65
498
221
228
367
83
133
397
250
445
430
332
285
490
443
368
225
240
301
207
259
140
460
350
115
263
340
425
199
112
186
169
304
444
9
489
63
20
64
125
148
72
43
97
206
265
142
364
19
81
382
318
66
72
156
419
94
310
426
35
29
48
450
266
159
157
475
78
283
213
109
23
268
52
319
351
487
74
364
81
478
347
495
126
217
94
358
34
99
429
404
104
124
276
480
52
268
235
84
351
481
332
391
445
406
446
87
482
467
14
38
469
42
284
483
285
409
428
374
256
243
67
406
291
322
372
23
283
324
102
418
48
118
102
36
250
191
452
272
343
167
155
52
160
402
194
130
344
8
13
269
318
275
278
321
51
453
437
350
395
213
118
436
245
454
221
361
388
25
438
330
466
174
273
482
171
231
436
399
307
400
278
65
446
319
461
250
265
349
112
474
460
37
352
134
111
148
161
326
403
310
110
433
269
161
475
287
75
314
276
459
450
318
2
106
62
481
313
126
391
285
380
464
341
201
85
65
139
124
395
429
256
81
492
410
318
33
275
468
295
98
385
56
371
45
308
345
22
14
146
5
355
66
481
4
228
294
327
137
470
369
55
343
421
119
286
338
319
304
204
75
135
323
132
35
185
58
58
323
86
430
351
421
293
343
57
306
62
7
481
99
216
10
38
309
201
165
406
379
269
277
320
105
190
50
270
201
200
190
226
322
412
281
144
337
134
366
124
212
430
312
340
172
52
451
475
215
154
213
336
203
324
320
268
12
481
183
113
231
324
221
164
29
320
57
62
331
395
328
25
377
218
293
87
481
250
381
387
267
157
172
103
196
111
179
398
119
412
481
59
303
106
75
198
401
304
343
133
498
260
137
433
61
336
492
92
421
392
14
269
290
324
211
286
451
310
489
38
135
103
369
491
83
154
26
145
285
189
386
362
287
393
260
207
81
456
50
94
383
220
494
414
222
36
362
261
235
107
190
33
268
46
72
475
243
333
22
99
95
147
154
140
496
102
66
450
447
425
5
42
177
329
199
183
227
94
476
185
126
311
59
13
299
248
184
478
166
56
385
383
459
410
305
387
183
105
410
41
161
168
48
119
8
216
482
274
305
497
483
479
403
330
419
47
259
62
131
38
299
486
461
163
225
491
38
463
24
32
322
90
321
321
419
68
328
243
409
279
218
34
133
160
167
137
352
92
198
322
5
164
200
346
446
10
248
150
464
453
81
321
289
45
274
327
112
22
299
264
272
248
416
484
62
302
111
49
206
150
221
398
491
106
4
498
443
181
355
235
362
381
469
374
320
219
313
212
257
437
220
369
247
460
58
88
31
344
315
96
312
476
395
342
272
286
315
47
198
96
218
26
489
200
245
74
389
62
455
379
324
28
264
100
383
214
125
188
261
151
266
366
41
128
350
49
70
303
134
254
126
159
362
130
294
207
418
261
278
160
320
488
258
80
173
421
89
27
290
455
364
382
241
71
242
206
268
210
124
265
107
479
342
141
489
493
155
297
416
61
433
433
105
395
77
84
358
198
223
86
54
340
285
77
277
250
450
294
494
413
415
196
228
315
76
176
26
300
494
57
17
443
11
308
415
478
298
210
476
231
232
134
360
440
434
133
340
367
56
452
75
40
289
492
36
65
467
328
89
414
478
62
94
352
312
107
121
367
212
223
453
428
318
153
253
187
311
5
452
439
95
233
443
93
245
272
164
350
59
149
184
25
436
250
207
281
428
222
69
417
459
28
262
29
17
211
21
353
4
240
214
399
19
102
455
447
102
395
378
433
339
106
14
481
4
231
478
322
77
455
494
412
304
245
283
217
196
39
452
12
113
74
320
489
337
54
342
71
241
492
478
38
45
180
288
379
403
259
341
274
312
41
130
210
251
281
174
54
326
186
488
350
217
209
433
94
225
118
173
439
402
198
53
219
106
69
471
42
324
402
204
450
499
364
139
345
46
87
99
341
253
74
27
317
29
228
306
454
88
406
194
254
8
375
349
110
356
219
154
156
42
38
468
275
323
346
208
424
430
367
230
404
151
271
182
311
27
215
247
135
24
151
228
442
30
82
171
59
167
99
35
351
71
500
464
26
107
38
410
185
103
35
91
193
57
40
439
297
65
234
257
311
193
177
267
97
156
396
436
18
44
350
492
107
45
247
115
93
373
265
46
174
479
404
145
90
381
132
179
320
10
301
303
170
491
125
178
330
381
137
466
48
403
148
37
247
226
272
238
317
416
21
460
36
212
142
430
15
362
267
435
466
196
338
479
266
424
76
125
247
184
329
282
289
332
40
236
125
155
370
163
159
117
215
338
240
341
383
414
395
457
322
131
290
362
456
472
300
191
179
405
278
154
446
172
458
240
410
38
42
199
214
183
319
162
472
441
326
243
227
456
466
382
285
233
320
470
233
462
151
491
297
208
324
83
166
268
364
51
434
95
111
80
300
219
157
34
69
77
78
457
60
268
370
211
200
465
337
151
487
478
39
492
403
17
310
80
440
487
255
281
208
247
154
307
370
4
61
439
39
215
45
20
120
54
326
111
357
480
123
24
389
324
108
123
445
326
148
230
386
380
332
140
195
338
117
198
262
428
247
445
311
490
106
354
161
247
175
496
231
387
198
244
213
337
421
10
160
156
191
222
227
51
182
170
281
18
471
452
89
491
289
150
55
89
396
265
46
353
29
241
290
196
491
141
111
214
271
396
46
101
129
7
277
186
269
159
248
275
440
488
463
392
45
403
86
132
123
153
241
323
297
492
461
115
129
417
122
287
427
291
11
154
349
367
43
25
394
371
136
224
440
401
338
374
120
450
373
40
18
444
488
407
218
113
256
467
353
284
153
84
56
87
192
457
423
374
413
444
264
275
72
287
272
96
497
425
98
68
348
286
264
246
442
479
185
404
478
261
114
186
401
398
307
77
327
404
27
469
109
446
347
496
115
359
175
354
216
244
427
280
186
187
24
197
143
267
360
332
101
485
442
131
140
421
79
13
118
266
431
316
392
329
46
421
459
189
37
43
53
126
429
162
256
428
432
28
329
38
475
339
382
324
356
3
18
343
500
450
275
68
183
374
400
154
457
164
263
418
328
39
171
394
363
151
111
313
79
225
437
438
96
191
452
65
462
261
498
497
156
421
34
306
337
54
43
390
7
331
304
13
167
139
9
165
171
355
193
302
141
378
372
256
331
124
284
376
454
476
314
99
153
427
430
115
477
92
413
203
233
242
377
432
189
241
407
389
349
497
99
17
407
72
459
485
78
291
327
172
482
471
104
229
36
200
69
76
497
337
418
98
13
154
253
229
297
102
351
494
405
409
72
105
390
469
91
265
437
489
155
384
410
428
132
180
326
235
67
176
90
20
113
463
334
90
50
408
322
164
218
455
338
7
51
210
174
72
203
236
454
122
2
166
358
302
464
478
344
401
293
269
22
77
322
311
160
80
257
127
11
368
400
339
77
499
434
250
495
356
463
338
334
222
62
153
289
236
252
295
337
491
122
59
418
54
209
206
377
334
322
193
462
466
380
165
466
25
357
406
11
221
321
99
55
201
295
473
411
49
62
438
310
320
354
310
295
238
375
479
210
475
257
236
500
482
183
430
389
359
60
308
314
37
452
43
50
100
253
75
453
323
290
178
45
343
47
153
145
266
397
222
471
295
318
87
282
419
238
74
216
77
185
82
465
49
55
357
390
380
396
100
323
444
185
207
71
409
416
497
376
405
439
455
35
62
448
488
66
411
449
161
74
298
66
347
13
40
387
163
427
175
357
48
12
145
467
341
183
209
142
449
144
11
246
166
211
410
410
237
348
212
495
236
488
407
298
469
256
87
176
382
23
441
413
103
234
334
441
155
335
41
107
394
196
201
96
309
444
439
251
327
267
342
402
281
427
161
13
320
291
245
487
226
35
486
461
260
291
79
30
269
151
67
227
174
174
119
172
82
312
459
455
209
467
285
48
461
499
230
180
338
278
500
394
158
355
282
133
17
211
291
126
24
293
221
420
266
368
243
309
497
230
136
327
398
111
404
129
414
17
81
267
313
107
271
31
330
40
500
458
245
325
225
29
143
385
185
360
408
166
119
44
49
240
471
484
55
320
51
186
403
345
138
316
31
178
273
361
269
207
26
121
370
431
204
337
176
266
460
348
251
314
95
164
247
235
490
66
344
193
114
338
380
222
10
190
435
53
332
20
449
170
383
49
478
238
354
304
475
432
422
221
237
350
61
266
67
135
288
469
119
105
145
267
420
409
348
154
38
358
425
239
265
158
34
493
388
245
180
175
65
147
218
131
435
393
66
400
299
228
478
221
471
443
439
308
90
281
166
443
270
278
220
468
88
72
18
414
27
470
473
154
190
117
296
438
449
189
413
201
433
33
236
72
397
380
456
192
363
3
454
222
454
449
332
217
191
9
254
108
319
315
167
128
448
358
30
106
130
302
147
348
216
36
488
430
213
224
277
119
286
89
111
456
129
381
143
294
215
9
257
333
270
98
78
105
402
135
105
482
271
343
179
108
44
391
4
378
386
61
182
263
423
234
410
43
259
450
3
42
330
79
234
87
97
487
225
48
465
222
461
164
11
408
109
419
228
161
418
450
120
181
103
7
373
189
206
477
51
361
26
296
295
156
235
455
377
129
488
304
187
225
80
325
276
211
47
383
54
159
394
195
487
482
441
274
376
374
81
267
257
39
33
69
70
62
76
50
277
212
341
63
113
107
295
285
488
292
138
366
370
483
459
5
147
256
142
293
164
422
135
113
203
119
149
106
170
163
252
100
104
230
173
103
363
484
78
94
256
283
404
73
296
419
278
135
252
116
469
499
83
239
297
390
497
97
484
352
196
338
359
200
372
286
263
446
129
54
78
162
445
61
128
34
285
314
489
194
216
205
282
259
282
492
347
176
166
193
496
263
347
480
94
34
4
278
212
263
496
236
318
467
360
174
101
109
376
419
375
271
388
254
495
373
250
243
187
181
200
392
398
279
487
358
233
489
490
223
171
333
59
313
21
8
238
440
293
432
118
37
454
326
218
430
295
106
42
3
159
462
142
221
382
197
107
139
81
477
377
420
351
463
227
392
5
137
291
400
86
140
262
231
67
129
238
64
474
492
139
17
104
116
116
333
7
116
315
497
430
373
228
397
301
80
36
12
296
198
471
459
133
411
213
484
119
38
322
347
71
219
447
203
271
495
306
159
277
67
350
424
190
274
176
494
419
427
393
41
128
73
72
56
83
129
481
450
7
466
87
237
361
388
28
118
422
254
362
217
388
141
192
79
219
87
216
211
131
26
170
285
237
123
259
451
23
163
37
306
475
285
32
416
431
351
371
263
156
88
463
5
100
407
412
230
109
486
65
431
313
375
65
298
129
281
380
268
290
93
316
269
39
251
361
500
364
426
356
208
89
123
452
258
161
436
295
143
307
96
30
209
166
318
308
9
116
411
325
130
391
237
280
358
463
19
5
358
45
451
23
93
250
20
33
305
39
460
189
44
243
121
283
362
157
137
168
350
21
229
500
71
243
318
322
412
254
4
167
21
322
417
193
303
453
408
41
383
106
319
490
112
8
349
181
66
276
44
405
497
388
16
156
189
493
452
444
417
319
173
160
70
449
349
92
60
400
184
283
491
110
125
262
254
115
96
453
200
26
314
460
244
429
336
66
30
308
94
474
291
169
180
240
358
348
242
84
116
36
264
11
487
426
337
362
101
368
370
53
181
384
296
150
314
102
367
368
49
161
4
230
306
426
152
403
256
67
298
55
229
287
398
36
72
266
400
116
446
317
192
70
58
494
308
62
365
28
338
487
229
295
447
449
477
221
396
343
272
431
391
361
314
297
282
345
132
57
363
477
315
68
244
131
369
232
276
167
433
173
255
97
108
200
191
274
362
75
96
466
420
222
386
248
122
4
334
207
77
293
471
315
385
209
39
414
355
43
471
221
358
365
379
457
427
421
247
136
265
311
110
346
388
152
274
87
300
287
217
412
311
330
339
366
451
233
84
285
208
469
175
217
138
303
412
164
34
270
190
462
367
438
27
336
58
431
125
260
188
259
435
199
419
387
164
70
378
172
254
134
312
310
261
249
35
265
5
485
222
266
23
120
247
47
401
332
332
13
332
91
141
254
261
341
157
22
313
83
10
32
43
287
291
244
353
12
395
154
128
396
440
310
435
344
478
31
104
407
53
36
271
105
167
326
256
346
184
336
262
354
199
382
440
108
60
116
429
331
17
418
48
465
489
392
474
63
402
234
460
315
38
207
17
319
98
168
453
243
399
476
465
472
484
458
85
372
365
18
457
83
496
240
263
50
31
42
487
486
498
152
188
465
265
410
407
173
18
248
183
63
276
361
362
123
330
120
230
299
66
300
296
250
318
389
289
98
362
340
134
243
231
143
494
414
194
104
104
129
366
38
402
143
209
161
203
288
336
315
14
55
434
56
252
197
247
164
368
399
197
371
365
441
319
67
262
393
312
271
339
190
195
303
242
351
314
155
133
69
426
13
100
472
362
191
334
338
455
489
215
193
192
424
9
470
223
409
52
433
207
430
179
211
208
138
351
48
277
180
469
334
404
209
323
437
496
472
421
12
290
445
294
60
386
408
314
287
423
359
289
102
116
145
330
17
170
102
5
358
101
87
107
189
213
419
24
295
300
221
86
84
6
68
101
298
245
492
492
81
54
7
119
452
213
477
216
293
484
265
484
413
308
158
335
153
105
51
498
393
386
271
375
378
235
84
407
239
101
91
196
129
481
456
93
500
413
421
357
129
466
64
32
45
488
26
311
371
42
27
293
332
102
136
17
411
341
450
452
185
392
186
63
38
120
469
250
411
500
214
443
367
363
221
148
471
364
306
270
441
81
71
224
405
130
168
440
421
453
58
5
490
388
60
219
216
231
290
158
380
377
251
30
363
234
53
365
318
237
315
111
158
48
304
397
260
17
293
282
471
440
448
64
74
485
341
176
371
328
368
222
159
221
405
426
253
231
271
130
228
390
467
114
93
411
62
398
194
14
430
41
283
339
180
315
60
29
406
322
68
470
191
302
447
280
391
320
268
442
64
448
296
485
163
342
153
12
494
151
171
452
283
85
63
474
199
495
95
326
45
356
56
397
105
456
432
6
347
201
8
174
248
22
207
497
266
456
343
316
433
264
107
64
487
266
71
409
456
485
69
259
162
341
398
86
362
323
210
298
69
259
334
477
274
85
65
199
142
412
458
463
138
62
377
407
160
50
357
266
471
40
370
193
280
66
395
242
75
378
284
132
229
186
190
184
189
218
363
427
307
130
72
43
335
319
323
190
31
257
40
232
460
473
224
81
195
200
181
209
193
81
386
331
258
253
172
236
268
96
112
261
331
424
85
48
442
495
70
94
391
9
128
251
491
383
214
273
381
105
439
345
238
194
142
241
174
382
57
81
225
3
202
136
313
195
347
174
306
211
336
38
125
20
133
400
111
296
237
118
441
473
313
341
90
439
493
76
474
239
169
230
4
124
99
66
351
154
298
129
128
118
252
23
192
9
26
396
52
405
139
337
348
495
472
358
346
28
303
456
68
73
49
380
233
302
134
161
252
410
28
396
184
104
242
114
165
454
465
4
117
206
290
442
301
433
400
261
160
385
291
271
324
483
417
445
287
460
493
56
69
453
311
487
297
321
43
54
185
366
242
166
177
110
65
434
291
291
420
451
140
344
273
185
240
55
58
274
348
277
66
409
170
173
160
402
304
500
249
290
173
346
285
432
232
255
157
236
323
152
120
331
288
136
172
77
439
497
15
271
348
285
469
303
321
351
386
319
360
189
294
84
191
490
305
385
5
130
32
143
219
326
421
203
404
257
480
119
460
25
110
55
427
324
104
60
165
231
379
500
309
105
129
443
342
14
39
488
359
374
456
330
411
141
125
246
105
244
252
208
498
135
294
215
415
213
136
211
63
43
154
300
297
208
404
319
338
117
193
433
36
15
494
152
283
322
154
176
149
381
2
165
187
225
24
221
472
409
346
81
103
94
372
277
131
377
352
260
65
161
77
175
134
264
47
388
85
421
265
204
216
348
186
337
455
200
496
15
95
109
357
448
373
19
209
2
19
144
480
64
177
165
144
394
447
28
492
228
301
245
31
2
62
152
60
75
101
389
190
492
402
83
158
249
114
345
448
199
63
311
30
17
25
203
262
157
167
178
173
92
27
272
197
372
110
363
290
315
68
184
290
241
198
82
475
150
392
478
265
154
296
153
236
375
319
72
364
91
351
200
141
248
55
468
467
482
365
17
414
246
262
401
352
168
161
15
218
38
359
475
411
457
75
435
242
248
432
303
412
420
392
123
316
168
366
289
392
66
229
232
203
34
495
119
153
183
471
57
326
133
78
482
193
479
274
117
175
365
337
245
272
145
234
418
210
149
62
39
124
189
349
449
319
436
4
250
477
363
181
307
383
425
161
265
369
269
65
202
243
331
152
225
228
275
428
148
381
346
394
307
394
242
2
276
436
244
282
322
309
154
352
470
262
282
42
11
107
346
272
171
376
189
207
33
401
211
468
357
89
333
466
130
70
443
78
98
469
16
321
157
87
289
280
20
420
137
198
98
213
450
145
154
103
263
24
12
379
3
164
292
494
139
194
458
265
34
36
68
149
23
382
210
316
413
396
283
286
347
201
102
375
127
113
425
165
35
65
75
323
342
359
231
16
6
485
81
174
491
46
393
279
40
490
394
127
54
473
151
141
208
423
206
389
109
40
201
314
322
325
276
103
415
454
39
126
133
239
168
288
75
184
173
124
67
117
220
100
84
168
119
327
303
107
83
297
405
275
342
230
286
13
89
408
263
295
196
275
434
133
369
122
369
336
261
409
215
144
32
333
446
263
453
42
466
120
37
122
267
131
467
158
16
266
243
20
102
134
80
215
248
466
412
352
24
341
465
360
491
420
164
155
104
358
487
327
377
242
242
416
394
29
113
457
261
379
242
285
18
217
136
354
202
43
154
393
277
412
325
62
310
149
102
251
275
296
327
495
311
252
477
213
50
142
450
313
427
18
410
232
423
485
283
455
388
383
220
299
159
466
77
225
425
171
89
412
466
279
184
145
119
323
496
55
458
247
429
40
288
464
140
228
84
166
197
244
497
126
441
129
347
19
2
136
67
57
483
453
9
291
454
163
233
307
424
396
374
440
160
52
335
253
427
335
401
310
316
87
313
37
412
481
170
442
98
389
235
338
172
21
479
376
294
29
499
266
347
260
243
153
331
416
253
408
295
189
273
339
212
471
14
296
332
7
32
368
338
259
308
182
417
437
403
442
51
145
104
367
407
146
368
49
281
113
228
130
461
450
333
171
488
70
234
248
314
110
206
347
206
485
430
344
393
478
109
365
111
311
464
441
377
427
87
360
369
4
233
268
85
119
9
351
219
478
491
478
89
452
117
345
139
153
485
234
83
343
468
81
26
196
354
305
387
205
451
265
348
55
297
337
325
335
322
322
299
210
344
457
150
160
36
415
321
226
13
39
431
325
282
414
49
379
165
145
99
391
136
478
456
364
60
455
324
288
261
145
280
250
286
193
264
141
340
476
195
437
93
396
448
263
497
36
326
286
233
362
15
260
394
7
21
315
79
393
97
177
348
66
164
147
64
139
387
388
203
112
299
193
255
340
148
351
177
248
90
352
39
324
135
470
379
190
34
105
440
386
191
24
465
342
46
308
85
163
167
142
91
381
189
478
141
264
93
266
147
454
440
46
280
132
389
28
218
92
71
253
99
18
110
36
31
145
445
229
255
143
232
170
120
26
344
79
191
431
422
53
251
280
276
360
343
303
441
446
333
398
379
252
114
241
397
196
450
168
356
175
340
278
60
336
183
151
329
322
100
157
435
184
391
375
415
462
101
354
461
205
351
380
4
383
154
237
496
8
333
217
336
74
114
306
394
271
336
123
147
90
480
272
443
329
417
430
15
62
315
473
78
435
183
350
174
356
143
387
222
195
257
79
389
174
338
182
457
202
379
295
142
33
379
159
32
315
2
99
491
6
293
258
325
67
143
205
322
440
37
74
271
47
111
64
277
418
344
414
448
108
386
327
395
155
252
470
60
450
481
304
242
309
94
424
197
300
30
319
283
224
119
92
226
426
454
122
125
431
307
418
458
108
239
320
121
276
166
228
441
269
113
141
382
68
393
197
179
371
365
216
172
475
166
37
104
301
476
320
294
253
273
400
311
370
64
384
463
462
496
31
377
301
163
381
258
223
29
492
183
124
442
312
222
472
240
116
203
202
340
364
10
286
439
125
376
231
393
55
340
364
362
219
482
219
23
68
206
169
354
173
44
63
499
160
77
172
380
271
470
247
35
153
57
134
3
69
388
374
196
371
341
364
408
101
35
301
282
64
41
284
475
131
499
290
99
355
203
149
14
302
197
88
487
132
496
450
21
141
104
189
389
117
23
306
159
264
19
292
406
337
42
122
180
96
360
280
349
242
347
107
139
240
472
46
466
249
362
334
120
489
148
360
490
52
307
303
229
85
498
429
123
378
217
239
164
358
462
331
141
194
451
410
319
135
177
494
151
223
111
416
397
183
248
257
393
231
371
126
169
324
314
463
105
103
440
373
211
58
72
334
457
28
107
223
360
242
496
203
229
25
268
243
81
260
374
499
418
427
264
344
194
365
306
244
48
91
165
280
49
9
388
30
148
404
130
26
441
343
263
64
65
377
476
401
366
35
280
21
172
441
118
251
119
45
259
200
357
120
143
41
243
254
124
455
117
364
120
36
60
432
379
216
190
136
340
367
52
173
303
324
233
235
251
441
354
484
155
336
101
17
55
54
480
420
133
282
260
354
50
130
259
334
471
165
218
270
354
56
78
292
371
467
482
239
280
495
235
341
145
294
472
457
198
101
403
293
165
350
25
291
200
77
84
141
87
407
412
332
315
356
257
151
109
450
192
158
321
236
466
85
124
459
480
278
314
315
124
435
227
270
9
408
88
251
166
79
294
260
259
173
275
165
424
487
367
136
334
366
355
268
121
432
156
383
238
330
403
289
397
457
489
460
232
344
17
361
436
269
51
58
375
6
208
226
225
24
182
433
381
123
264
434
96
119
478
478
153
299
102
15
476
17
173
178
470
119
260
272
119
318
175
228
424
352
240
469
341
258
386
115
487
362
92
494
372
357
22
174
222
60
126
194
450
255
398
18
276
334
406
463
2
36
10
95
491
242
305
336
426
245
397
408
284
161
376
315
202
185
478
331
303
9
176
206
265
104
359
273
310
34
411
167
175
153
31
334
300
62
370
51
416
469
416
316
18
459
174
38
209
434
103
109
433
224
43
171
71
150
200
141
492
460
330
129
101
157
265
76
461
175
363
484
217
445
145
290
115
461
494
39
214
223
460
445
405
75
54
121
17
442
292
483
12
107
126
377
4
104
238
247
439
242
428
424
371
65
499
370
22
276
7
286
176
27
421
373
397
111
119
360
97
354
49
375
67
424
481
135
3
120
436
218
138
60
133
375
169
271
327
81
273
247
247
206
36
294
337
252
380
478
209
429
16
276
81
314
129
437
314
97
111
443
63
318
71
20
383
448
479
51
230
355
383
234
496
269
367
76
440
289
339
252
218
303
67
141
342
87
230
308
332
391
14
380
348
363
63
414
490
59
292
108
188
418
33
215
407
14
276
442
252
120
484
214
391
270
340
469
85
116
340
96
257
48
167
324
289
370
375
498
195
357
364
302
305
494
313
217
88
223
248
479
377
155
352
296
93
96
472
140
494
78
368
96
436
327
8
126
273
150
343
111
410
146
135
137
28
424
35
164
85
7
204
481
246
128
208
271
354
228
447
33
346
485
469
293
400
438
120
80
259
499
296
68
126
221
380
414
189
495
127
409
345
165
223
197
41
372
125
292
102
433
236
306
273
102
42
19
279
500
120
469
319
273
499
211
285
347
315
152
281
388
368
494
471
459
76
383
271
282
449
127
368
213
137
2
181
431
282
81
305
52
357
273
309
146
296
311
146
475
193
101
433
154
26
434
414
139
157
309
215
319
236
177
201
291
8
449
487
326
234
105
35
498
315
248
482
82
52
12
498
133
305
204
376
254
417
273
38
476
37
140
185
251
478
93
24
140
496
65
456
356
33
288
156
234
434
456
463
128
148
156
23
239
323
146
406
480
239
70
24
459
157
199
205
221
425
150
488
373
181
171
114
217
493
132
107
59
111
55
244
31
284
165
371
348
174
13
303
239
109
106
320
376
250
373
279
399
196
317
191
85
310
213
110
214
378
326
343
399
291
325
405
142
432
248
95
243
406
202
175
356
25
3
338
348
41
129
315
390
175
435
420
357
222
482
468
461
452
225
450
63
171
268
234
210
332
110
338
264
76
249
195
50
308
300
354
247
70
10
237
63
179
377
461
105
315
306
323
413
107
409
62
106
139
49
235
80
139
261
110
96
80
253
390
432
131
440
435
275
274
83
77
38
397
280
183
422
93
140
362
189
417
401
410
334
328
56
274
220
42
264
368
463
434
220
456
88
322
154
104
105
163
205
254
233
171
267
337
316
53
290
406
149
221
31
259
228
377
500
119
173
288
195
238
369
171
95
493
243
230
362
283
55
93
116
243
470
131
209
315
255
390
93
151
17
182
440
39
425
336
228
40
219
153
24
83
445
346
56
46
371
338
424
473
380
464
479
228
347
469
211
123
309
293
428
166
282
147
247
282
402
146
33
147
280
209
334
23
285
425
221
488
80
149
185
260
330
257
490
360
44
268
148
35
218
153
177
274
307
380
289
443
403
463
430
173
403
477
427
354
184
97
80
209
271
135
299
208
395
344
439
134
342
200
323
400
390
366
186
272
48
344
372
299
189
198
395
450
147
156
160
255
266
5
425
9
500
138
185
248
327
469
424
160
474
346
84
334
149
457
481
377
112
75
475
346
252
466
54
368
7
234
261
290
500
261
343
384
392
288
283
495
142
173
266
232
7
355
91
319
142
219
98
361
139
228
457
118
221
257
498
291
65
70
124
259
259
396
247
328
380
179
347
493
109
481
144
202
32
17
415
466
10
332
78
302
301
52
347
61
405
487
51
141
214
368
16
196
97
27
355
494
207
98
160
90
244
220
102
472
118
202
24
321
81
63
466
413
47
124
281
176
210
195
198
46
243
4
162
199
28
495
298
344
15
283
282
283
297
313
348
246
150
49
344
207
253
155
135
258
149
237
451
350
467
143
252
65
62
411
118
412
86
124
16
33
264
200
78
339
471
151
375
376
139
493
239
292
191
357
57
132
82
274
401
180
7
84
398
369
340
364
470
482
3
271
102
296
3
479
295
240
235
130
457
146
289
81
430
15
411
433
405
94
386
41
498
138
40
150
233
383
58
424
438
327
296
237
155
137
312
321
289
316
450
137
332
323
456
183
404
384
343
20
494
47
298
232
376
276
486
227
283
320
289
36
476
430
159
482
22
143
309
385
378
136
384
403
341
296
385
71
234
199
483
235
92
361
240
411
332
398
417
300
211
177
124
311
359
34
433
132
63
185
327
197
393
339
122
232
186
328
36
427
422
333
349
469
5
420
246
458
317
24
221
218
47
75
102
432
44
479
418
500
342
183
332
383
339
17
34
145
272
133
352
482
153
130
334
192
350
494
17
192
32
108
207
195
229
77
413
394
286
270
370
140
205
92
439
68
57
109
286
211
107
385
62
80
420
77
374
23
19
159
395
330
426
399
7
201
299
161
201
305
153
379
257
427
183
160
45
452
116
300
212
136
320
467
198
237
145
423
470
372
201
15
300
261
232
446
466
160
308
253
283
127
278
157
467
75
397
328
48
212
125
461
476
486
494
96
329
160
6
399
56
211
197
96
480
145
474
347
98
313
372
48
415
444
242
341
19
104
340
495
292
417
381
99
169
375
173
225
4
34
132
376
464
190
143
304
86
29
484
208
48
495
76
179
359
148
386
96
115
219
187
292
103
142
102
113
68
426
232
486
328
330
127
154
497
389
404
309
184
259
125
336
217
391
314
288
462
85
211
9
229
56
8
69
414
242
406
274
244
150
263
10
267
341
97
285
190
360
220
390
250
463
254
203
288
47
156
24
363
179
182
31
154
336
15
227
81
7
382
330
374
420
302
416
413
90
406
341
424
322
27
136
294
170
209
205
402
279
203
251
413
190
144
378
442
474
253
136
224
117
498
470
380
241
156
333
324
415
359
276
99
33
23
443
312
68
75
228
374
295
203
272
198
128
306
176
146
483
205
349
47
155
217
65
221
346
345
284
286
459
189
35
349
238
49
362
436
375
195
165
396
116
344
42
431
423
430
234
102
202
409
174
70
496
355
36
13
222
333
354
310
143
173
330
328
369
111
125
194
194
99
64
352
368
360
239
263
239
466
400
481
384
375
424
333
86
449
228
455
357
346
386
243
60
209
25
143
68
102
165
369
482
445
424
228
455
258
351
469
333
207
93
382
251
434
344
302
312
37
313
3
486
24
37
108
478
172
262
379
451
138
297
490
345
29
77
400
336
208
110
455
54
159
123
12
310
446
235
459
10
251
10
194
135
462
289
429
379
298
348
202
172
45
341
493
134
404
17
430
38
361
291
62
230
437
221
289
272
87
414
86
475
193
433
103
378
370
248
311
325
324
372
155
266
320
45
422
44
19
431
449
390
92
460
91
264
270
237
208
70
375
214
26
41
365
247
182
196
395
356
15
282
385
247
460
49
254
307
61
54
344
30
120
206
252
492
155
356
140
54
213
146
430
354
279
448
53
336
377
483
28
75
345
27
276
161
396
176
284
322
126
29
416
125
174
85
460
90
437
204
391
80
189
118
98
18
342
326
83
62
196
159
421
142
49
420
437
422
197
176
337
121
116
388
68
452
20
246
320
308
268
422
302
186
221
187
32
149
401
367
71
99
443
313
58
403
7
98
127
410
232
481
232
53
21
137
15
304
400
443
403
409
351
69
337
247
106
232
236
388
485
20
407
147
340
292
50
117
43
110
186
19
483
353
177
45
84
113
349
271
43
32
498
371
421
195
327
470
22
416
139
13
342
119
30
473
282
210
198
127
294
72
485
71
288
228
207
5
311
302
87
248
475
141
414
443
245
52
350
370
223
316
10
139
52
86
235
143
417
177
36
67
124
299
440
237
170
268
405
229
155
80
141
324
168
398
143
383
382
424
429
390
341
34
46
465
366
295
296
136
105
204
449
334
126
111
369
283
478
375
451
219
157
27
337
319
319
98
238
238
34
96
4
71
340
69
435
5
60
214
436
461
276
302
455
82
91
150
479
177
128
455
62
33
474
255
253
97
368
51
478
93
382
490
418
249
372
20
91
229
133
446
383
362
