268
340
482
179
97
247
290
51
262
177
46
310
87
275
122
319
108
414
214
381
457
392
322
455
255
118
23
391
58
488
238
336
329
337
6
350
250
244
7
270
465
431
354
214
332
22
362
164
115
127
348
487
330
316
211
353
224
134
68
163
151
313
11
417
285
286
129
200
405
106
72
190
410
365
474
267
253
73
160
16
388
354
380
95
316
91
18
351
192
331
199
17
141
373
213
410
487
487
440
494
269
95
193
179
203
178
158
389
217
499
186
409
490
67
405
166
88
25
291
116
16
306
95
369
426
11
215
14
150
422
486
144
233
3
59
488
259
115
50
365
443
306
112
33
436
267
487
160
166
21
34
319
135
66
310
129
6
402
80
97
22
267
143
80
42
465
49
392
326
274
126
176
432
138
463
46
453
7
258
127
34
15
125
9
415
268
486
295
226
182
465
11
272
147
59
82
35
462
448
194
203
149
136
285
465
340
173
229
363
64
420
185
314
262
332
90
17
299
176
184
146
453
2
97
380
279
229
438
104
142
192
157
148
147
306
189
62
26
30
441
282
7
423
222
258
167
363
337
157
122
168
476
118
10
95
248
265
428
489
476
324
446
480
168
58
381
76
96
240
290
87
476
442
347
490
145
355
46
426
42
470
3
179
255
436
62
344
31
187
114
24
311
102
457
375
388
113
376
265
229
314
198
31
103
441
95
252
319
63
295
312
42
450
484
200
391
259
191
141
244
209
173
186
205
15
401
195
202
207
49
467
355
153
309
379
307
458
276
303
327
251
33
185
266
175
22
491
95
337
38
330
174
62
34
16
331
50
485
19
161
336
229
258
452
365
43
245
160
55
41
396
233
476
78
251
500
73
383
251
9
421
22
37
404
398
197
61
322
354
218
139
166
90
428
440
478
47
113
299
485
9
468
487
133
275
259
367
257
358
58
171
286
309
367
269
15
406
251
491
396
45
434
307
155
210
277
309
351
88
261
86
333
252
269
169
49
258
12
177
271
228
107
466
68
173
415
175
279
189
209
217
195
475
395
306
203
109
60
231
359
362
376
219
257
47
28
384
3
345
471
400
427
31
459
205
200
280
419
119
37
350
225
8
186
62
303
130
23
329
70
220
174
127
297
393
145
137
355
210
329
310
101
377
335
216
271
337
129
197
500
333
315
414
57
59
2
199
305
452
84
124
490
78
117
287
401
386
354
32
113
256
411
238
86
258
216
319
173
43
436
143
227
441
442
368
277
345
73
80
379
285
111
325
297
9
444
202
94
397
218
303
492
477
227
86
379
68
467
437
343
373
57
57
398
290
316
300
414
389
308
123
270
355
9
212
204
223
8
470
140
125
384
499
72
485
50
158
303
55
295
187
115
61
392
244
194
295
453
83
333
216
317
134
9
164
472
87
267
88
266
471
184
151
206
378
320
431
192
323
315
271
298
419
337
172
498
412
411
113
124
347
226
17
113
395
333
286
240
61
169
359
167
290
374
204
274
4
204
454
90
317
370
451
355
349
411
399
121
194
475
450
44
333
305
222
354
60
35
332
108
99
468
115
280
35
65
443
171
82
75
12
140
479
205
282
40
113
139
302
481
299
19
14
141
328
193
424
234
167
400
282
377
383
157
294
484
430
312
125
155
211
4
434
148
183
338
81
190
401
277
230
441
378
167
272
495
39
402
368
139
445
10
335
99
45
494
379
238
22
492
300
436
429
96
131
328
113
146
495
290
255
70
53
398
188
388
324
278
241
113
275
161
130
299
144
421
175
19
62
485
28
74
63
382
152
191
461
181
426
117
368
40
357
360
473
115
306
133
413
300
329
91
354
95
108
135
130
140
164
216
408
110
124
108
305
8
463
410
165
91
48
212
270
35
292
246
58
272
338
89
238
113
308
238
217
301
412
481
12
372
269
150
134
356
329
96
314
341
431
27
62
474
310
379
72
484
25
128
228
40
357
15
361
4
307
268
36
144
31
274
414
279
143
499
254
129
431
433
388
367
242
369
478
19
394
225
416
34
373
293
325
90
164
58
332
195
199
236
222
272
383
118
13
198
391
42
486
355
375
379
453
390
171
365
199
87
25
400
332
99
106
239
17
111
129
196
219
410
6
400
266
486
216
266
114
292
245
420
333
466
378
424
35
151
31
346
435
52
165
399
87
169
180
18
409
78
441
393
242
469
373
459
65
439
397
463
36
433
391
365
495
220
78
467
253
459
427
148
177
160
489
267
71
438
157
120
241
275
467
112
77
226
21
293
482
3
270
268
413
22
233
425
92
423
451
19
331
416
243
399
254
440
42
132
276
191
497
293
3
488
322
491
35
36
211
465
60
366
277
12
149
13
461
8
144
168
203
268
315
121
80
182
86
135
178
40
157
139
429
119
162
384
326
371
217
333
7
461
243
97
416
391
194
176
173
285
213
339
307
358
123
197
171
143
392
255
402
330
185
268
162
182
97
465
417
444
466
390
74
310
352
465
67
30
271
132
441
195
24
138
92
312
260
41
11
168
14
238
320
239
495
119
175
157
174
71
107
467
38
347
111
56
78
235
335
344
280
123
12
275
14
65
358
220
336
14
82
81
394
392
359
319
17
238
36
314
442
231
470
117
120
349
291
456
149
207
209
487
181
93
201
385
247
452
83
248
107
293
361
451
310
256
84
40
369
233
138
198
141
379
8
286
361
294
130
90
420
69
288
319
157
436
204
144
337
381
29
166
99
198
12
56
372
128
199
436
440
499
152
301
189
157
483
168
261
483
489
356
34
296
173
35
351
357
452
361
456
243
217
285
5
175
491
270
57
385
466
108
281
158
67
406
415
347
240
152
363
287
423
454
267
110
332
398
221
498
143
179
475
472
207
148
467
197
439
291
158
396
255
138
19
464
310
298
472
216
177
233
373
54
78
188
213
172
346
32
116
39
347
473
191
152
371
460
101
376
51
326
9
70
270
355
142
104
200
289
370
397
284
49
213
208
75
265
440
229
390
205
225
233
330
437
10
480
319
168
458
458
289
85
493
105
247
423
161
50
499
392
92
452
35
390
198
248
378
42
428
173
70
181
480
235
88
485
263
229
395
101
134
197
464
446
475
63
203
168
307
104
460
245
166
57
480
442
375
47
47
7
39
185
192
178
382
241
55
51
267
85
44
230
85
122
91
472
302
425
325
189
7
309
153
98
203
401
392
156
17
12
325
309
308
210
373
467
191
2
337
488
145
27
182
363
172
366
19
328
278
427
403
257
269
412
468
262
151
385
107
447
3
127
52
500
201
57
463
176
491
123
411
275
255
269
313
152
206
468
62
127
320
169
102
360
178
308
361
349
383
177
155
102
278
314
73
18
342
420
148
320
177
213
382
272
184
53
437
191
456
443
453
22
86
397
196
222
349
128
323
234
433
376
242
352
2
418
168
405
22
466
143
243
156
72
219
201
40
109
180
185
171
373
488
27
484
318
69
441
204
388
321
277
13
23
210
346
330
400
470
281
277
170
320
280
28
408
433
56
312
364
403
256
336
84
318
255
303
146
480
263
231
396
65
137
458
14
386
170
322
276
428
255
31
272
301
424
140
79
355
10
421
428
460
103
241
252
132
128
419
130
289
124
356
424
342
146
96
285
114
136
240
168
393
19
372
446
99
60
151
400
452
468
268
32
349
471
138
357
368
341
56
426
206
231
217
15
211
182
422
428
56
474
135
209
182
139
76
227
32
240
65
69
351
94
133
362
436
219
101
309
29
76
451
466
368
210
133
368
466
231
208
373
325
171
302
422
93
206
235
481
356
339
277
88
183
319
72
258
417
414
69
39
489
261
410
381
387
169
344
126
455
91
483
368
352
280
352
210
136
219
155
390
346
412
303
158
49
59
376
121
451
217
220
358
317
334
126
334
85
442
369
146
27
240
120
82
193
188
495
55
347
116
402
377
497
245
189
22
386
86
319
433
105
11
306
206
186
33
193
24
382
231
397
435
455
88
275
493
370
229
192
354
60
21
370
191
494
210
143
395
225
259
432
60
203
227
404
343
228
398
131
143
483
200
126
320
307
108
88
50
44
170
296
395
458
469
375
222
301
350
299
409
417
330
33
428
440
392
369
132
138
458
291
146
367
285
422
349
198
429
88
345
144
132
173
251
138
197
114
304
79
28
80
149
422
182
254
194
235
141
329
163
274
163
47
393
68
439
245
119
424
465
221
39
142
342
57
41
207
290
193
354
17
330
465
149
491
327
351
31
226
429
370
434
216
97
479
185
64
376
101
409
310
391
381
334
498
229
86
17
410
361
345
57
134
176
473
381
130
361
268
38
266
116
315
115
131
401
348
470
213
424
334
115
498
432
231
263
182
397
406
404
357
377
129
188
470
276
450
481
199
325
222
429
356
144
236
394
268
7
469
175
102
229
56
162
296
155
418
124
421
9
396
470
145
56
360
46
234
366
294
171
307
483
348
130
479
496
75
157
320
404
68
340
28
364
235
370
60
212
265
72
257
239
239
175
436
497
379
123
68
259
151
205
147
182
94
418
366
234
297
54
395
393
59
53
288
428
218
281
92
257
189
314
316
23
209
219
87
409
317
134
46
265
195
390
379
433
202
224
147
157
208
446
310
52
492
217
149
282
353
343
41
399
80
403
433
160
163
492
246
337
256
144
368
226
343
67
455
347
260
156
102
177
261
272
33
439
92
11
16
172
473
496
109
316
114
487
213
171
214
154
288
271
166
195
38
79
127
423
186
465
298
184
162
457
241
462
392
68
47
73
8
476
44
479
153
8
215
252
221
158
359
440
55
54
59
436
122
27
302
172
441
74
311
431
488
23
30
98
6
10
179
133
30
256
438
200
12
168
417
404
106
273
175
359
199
69
79
381
147
109
154
274
111
198
437
384
448
342
33
73
368
51
308
287
195
290
49
462
379
474
349
269
457
152
281
12
253
150
54
100
2
20
167
176
45
147
368
435
416
127
366
44
231
188
330
141
417
53
116
308
424
423
452
176
318
291
71
195
207
236
153
385
147
174
213
489
153
6
93
239
220
439
445
480
5
481
312
430
400
207
461
133
220
116
382
148
336
457
457
333
200
271
43
433
357
129
221
156
233
445
29
113
78
12
65
343
447
113
414
433
375
273
61
327
24
228
332
486
53
64
226
477
195
182
341
164
93
316
327
296
230
33
270
303
142
199
73
326
224
400
82
81
215
205
63
348
59
86
238
300
38
276
471
173
434
361
352
7
439
104
425
454
306
107
37
472
174
28
12
307
58
75
411
347
479
362
495
298
360
23
160
265
385
155
148
404
428
297
317
406
182
463
52
157
459
477
3
420
114
170
143
459
181
412
333
108
294
20
98
41
495
53
370
127
34
207
249
183
238
76
65
111
454
260
496
347
92
21
407
151
301
308
381
128
233
412
31
19
191
15
360
57
90
157
422
220
174
352
268
10
450
296
454
350
265
409
146
75
287
168
482
399
307
5
168
241
208
376
453
196
191
129
134
154
61
473
299
299
24
359
470
76
308
19
324
199
82
30
142
486
333
467
73
311
248
34
250
341
236
470
107
354
18
249
38
45
487
225
411
345
63
250
480
335
146
222
114
215
18
185
125
129
259
347
482
324
465
106
346
319
315
291
114
290
192
440
290
100
22
30
49
407
117
150
468
263
479
249
279
276
429
500
378
214
196
102
384
235
420
28
49
302
341
107
275
449
6
251
22
398
456
19
130
248
5
359
89
470
245
20
468
219
149
231
57
336
80
166
180
165
410
241
44
295
500
174
499
77
235
12
284
375
13
356
166
255
423
262
122
228
315
67
286
343
371
357
450
500
13
33
106
35
192
230
434
192
9
181
80
452
348
480
243
100
142
439
369
17
382
408
357
386
139
375
448
219
307
226
287
375
3
138
125
125
495
405
175
147
260
458
403
93
52
174
111
65
157
124
464
356
19
289
311
327
498
134
363
242
76
355
239
11
402
164
410
356
422
205
235
410
338
451
430
129
210
260
28
257
490
407
395
444
149
453
158
323
163
493
16
348
347
440
231
354
113
458
69
393
443
426
224
361
384
228
447
492
104
85
297
396
153
481
371
448
197
260
428
412
103
347
174
347
165
440
315
244
107
285
308
68
258
470
67
234
304
490
304
246
479
211
221
215
377
129
93
37
188
87
466
327
391
10
468
437
124
224
98
18
274
487
67
76
86
177
228
259
427
150
306
207
88
237
33
493
220
124
481
304
388
373
181
470
292
441
230
73
415
486
176
85
129
64
152
259
150
125
168
238
382
330
381
454
153
97
104
371
236
32
390
214
295
130
349
127
346
351
157
429
495
260
429
202
8
118
276
155
430
127
484
270
66
361
277
409
357
375
255
60
273
111
354
257
299
179
413
194
235
287
330
302
265
98
194
192
141
363
200
355
176
472
72
158
234
245
254
239
154
464
40
180
483
54
351
158
205
391
102
200
155
117
474
256
269
100
287
282
76
177
128
480
106
234
463
366
9
315
314
349
484
213
396
311
339
6
230
214
19
208
468
411
423
379
461
217
370
176
136
361
398
292
213
222
118
201
219
261
162
98
491
340
405
306
443
170
61
45
186
144
420
460
202
448
44
412
4
79
41
372
62
140
322
260
277
340
240
216
70
188
14
304
281
208
456
353
299
485
390
191
467
71
258
43
481
245
133
250
113
66
46
419
211
428
69
90
430
438
83
154
27
431
391
340
252
118
450
178
270
210
191
30
172
408
491
255
238
399
19
29
222
430
258
159
39
302
147
213
47
52
268
388
433
305
202
428
423
173
108
398
275
72
468
177
357
254
298
459
323
474
176
90
435
24
493
245
466
286
122
470
2
460
290
114
288
336
195
331
365
498
314
292
337
465
402
251
484
428
56
375
139
189
459
322
297
97
285
221
189
174
367
139
212
77
352
109
468
482
414
170
341
470
12
141
466
432
225
224
239
381
341
321
311
161
304
108
397
368
424
495
499
275
398
174
359
204
413
484
252
383
285
327
257
355
159
46
368
169
38
7
251
65
427
294
72
474
26
408
450
158
148
94
166
388
147
287
311
323
106
354
138
87
189
118
389
235
366
317
153
483
366
183
340
419
476
15
183
373
141
157
78
91
14
46
322
231
39
35
417
39
145
495
143
436
74
407
290
493
191
199
488
467
238
351
362
39
222
212
455
344
399
110
104
358
417
398
324
255
312
154
49
447
461
243
81
442
88
407
71
360
451
406
453
366
174
40
221
110
109
433
361
309
446
483
139
68
192
190
144
122
123
223
124
133
39
269
111
368
56
22
238
488
293
78
454
425
48
400
347
202
495
324
378
479
357
92
8
438
357
327
53
247
299
123
422
484
55
372
25
430
459
480
376
250
277
233
154
89
158
464
5
391
324
212
48
267
375
230
233
473
105
296
205
455
357
477
28
287
435
431
236
140
250
41
185
325
360
378
58
69
208
451
137
156
239
283
339
411
344
349
207
145
341
300
270
349
193
181
199
92
87
375
486
187
448
145
477
452
415
434
369
248
471
185
367
126
32
440
361
238
171
441
264
286
18
61
285
472
323
465
60
430
409
193
328
180
91
474
88
394
440
162
354
440
383
443
130
251
257
138
476
340
107
397
266
166
181
353
452
384
186
345
386
374
350
198
209
19
371
147
164
487
50
74
223
498
29
139
416
384
87
121
452
436
4
347
357
219
173
72
30
223
389
439
295
388
51
285
453
309
390
321
291
46
294
197
340
386
16
117
274
18
260
386
141
205
376
158
259
327
222
119
262
491
345
92
54
426
315
274
159
129
312
430
97
451
290
342
459
138
178
21
138
454
66
295
74
7
372
413
416
410
374
96
491
104
361
173
391
83
81
37
24
18
269
232
231
68
439
481
75
302
499
427
333
36
435
149
146
32
379
97
39
159
332
200
76
117
146
236
348
370
492
34
316
499
22
282
261
168
317
428
115
190
283
104
409
493
372
173
132
403
353
443
15
359
231
133
151
376
334
421
314
450
190
384
308
79
133
494
116
480
444
459
212
454
82
183
98
216
405
468
81
164
159
329
497
187
259
105
91
370
113
159
373
99
119
51
246
54
76
304
139
237
101
324
483
329
354
394
227
473
279
327
263
493
278
243
330
235
83
264
88
49
4
20
134
222
486
46
182
305
129
489
152
20
267
233
340
221
210
149
483
378
185
215
324
460
260
217
143
122
348
247
369
87
329
207
146
296
401
89
179
243
160
244
76
12
326
165
458
475
405
491
193
453
97
402
479
52
248
402
185
73
173
243
95
39
41
131
417
90
275
128
33
488
67
242
178
353
272
109
244
438
436
18
39
361
206
398
140
239
320
490
40
216
36
23
457
73
359
325
144
250
78
106
452
31
335
222
111
194
374
355
139
424
271
127
389
296
463
461
389
136
284
327
133
407
241
58
7
209
77
347
428
397
398
353
53
196
329
185
134
154
461
194
193
199
50
430
103
20
415
143
403
98
345
119
36
47
19
423
12
90
58
478
482
272
144
384
303
410
491
299
433
417
402
351
322
323
399
274
166
398
101
428
204
7
330
130
328
332
118
106
459
247
132
263
130
319
477
288
308
8
108
28
191
244
390
358
311
472
394
205
294
403
337
405
459
426
140
42
275
440
500
419
302
139
334
229
267
243
269
247
474
62
393
114
162
111
224
167
425
349
116
164
122
363
71
38
72
468
24
440
334
271
343
219
138
38
15
259
430
412
286
317
173
315
336
291
398
316
329
204
246
228
9
99
259
167
264
297
180
380
338
473
268
48
412
70
100
46
297
68
59
164
201
480
493
468
14
394
219
459
422
391
68
64
150
228
270
110
188
333
314
239
95
449
364
392
68
71
288
486
196
275
351
105
466
57
110
89
483
232
312
39
333
486
119
54
398
422
226
87
86
230
250
351
320
98
339
297
418
304
211
474
478
463
366
327
345
396
292
118
190
314
306
139
284
270
337
466
133
430
24
207
304
289
224
308
273
27
41
183
72
450
375
354
433
431
416
158
57
74
7
392
199
91
173
170
427
270
361
46
330
377
449
256
228
285
485
374
115
479
17
468
364
391
207
328
368
82
405
175
75
30
17
415
328
294
458
66
380
369
403
338
401
146
192
263
443
377
142
230
402
78
233
351
48
134
267
240
113
46
99
477
189
17
253
312
269
420
75
288
368
174
219
218
311
101
203
248
489
459
380
193
372
195
276
445
215
317
492
15
400
236
42
349
242
81
426
39
444
389
195
145
345
170
9
301
157
482
278
39
199
417
345
198
186
211
203
304
6
371
318
54
143
254
153
493
472
66
36
405
369
423
94
78
472
357
255
86
182
260
401
288
144
312
141
418
217
144
195
71
280
316
390
117
191
179
436
278
189
334
496
77
334
496
340
359
271
190
380
290
129
459
70
448
233
53
365
272
276
376
68
304
436
41
300
45
498
122
29
176
237
196
152
216
102
222
479
256
257
97
299
485
123
335
100
196
132
388
253
167
421
225
115
252
464
26
414
285
30
438
423
33
469
421
399
256
306
32
49
168
418
337
169
207
232
69
159
284
105
100
38
218
259
344
157
329
243
220
391
408
149
97
460
410
433
420
11
211
475
102
376
4
256
65
205
32
157
419
227
72
92
150
194
138
48
485
185
377
206
306
243
22
367
285
197
398
10
239
256
324
461
70
261
113
276
22
29
176
368
498
290
452
13
335
191
187
4
261
451
323
285
55
490
320
60
20
337
273
273
23
202
383
327
311
325
242
61
15
158
47
276
81
56
462
175
33
22
236
370
178
239
416
90
271
164
153
82
29
290
138
320
310
206
152
409
399
490
181
41
475
219
156
295
429
343
426
43
387
186
28
436
420
276
287
26
149
16
365
308
253
59
412
158
162
159
117
390
227
414
408
68
205
462
27
278
200
222
382
314
493
261
135
78
449
256
130
427
95
229
301
109
272
415
125
28
312
246
112
482
257
454
402
95
203
6
339
384
262
274
31
492
292
70
31
177
199
22
13
249
269
217
128
163
287
245
472
469
221
216
250
175
448
337
155
419
206
200
203
71
68
327
138
9
287
192
79
167
371
189
211
396
443
102
478
307
93
23
446
115
166
86
448
297
381
375
100
170
399
203
28
363
191
99
436
126
68
20
155
446
297
56
36
157
116
19
43
465
122
308
105
8
362
69
456
494
209
232
197
203
381
161
403
478
131
325
184
339
11
244
168
232
46
191
271
329
158
421
81
173
352
148
108
124
405
286
280
75
5
11
450
18
73
428
325
393
32
469
296
271
370
169
200
484
340
418
381
199
370
146
135
276
270
288
172
190
170
497
125
261
144
24
294
194
209
407
116
259
495
199
98
453
131
171
247
142
192
234
342
450
454
376
397
303
198
472
181
490
379
111
410
20
7
67
300
411
262
169
249
6
328
363
84
258
88
455
103
467
66
368
484
350
294
7
312
46
439
60
246
326
469
178
246
9
389
367
431
11
384
422
239
375
235
23
47
357
317
326
389
193
267
256
446
152
214
253
248
201
65
293
490
106
289
323
175
93
484
364
39
185
265
163
247
487
377
327
438
480
383
132
458
4
185
464
285
484
140
437
432
342
206
111
253
415
150
77
359
335
287
168
180
83
90
412
433
15
101
258
143
52
104
153
253
339
70
8
249
67
4
488
334
452
18
50
22
25
341
357
384
254
280
352
338
400
223
166
479
267
402
10
352
30
415
117
116
395
365
280
309
82
168
133
261
56
367
293
392
19
112
404
429
397
410
455
94
386
295
392
453
214
315
19
242
208
212
464
167
392
215
166
104
142
422
40
22
153
268
73
282
172
16
216
84
310
271
52
153
173
112
470
200
15
262
414
419
163
56
61
388
388
244
166
381
188
268
219
459
372
75
172
452
228
321
491
33
460
18
356
15
111
155
165
182
163
139
445
217
336
167
339
97
290
159
176
112
168
113
277
266
168
126
225
288
105
36
410
491
363
402
417
456
342
205
423
83
275
324
471
344
371
318
125
363
63
26
420
407
408
307
78
84
372
105
381
475
91
116
403
392
137
17
235
213
275
291
165
273
383
71
109
382
264
116
446
158
233
495
459
71
27
456
25
111
66
111
141
144
50
132
94
184
12
180
314
416
424
394
472
319
392
30
473
402
248
254
331
328
240
40
143
267
441
96
469
497
173
318
377
194
471
389
253
116
447
226
479
12
106
257
241
304
20
70
474
75
182
282
409
247
337
374
2
156
27
259
221
490
145
481
114
15
98
115
5
292
455
106
85
84
468
11
248
209
428
388
10
249
77
64
6
6
229
433
172
322
216
491
415
397
268
76
120
92
219
138
355
167
452
434
478
148
59
333
5
223
356
159
85
280
84
222
246
224
87
104
127
334
295
431
234
356
289
427
85
215
321
203
273
326
303
414
67
304
404
101
202
56
381
46
71
383
313
17
325
230
482
126
81
168
341
358
305
71
381
235
408
339
339
331
306
350
145
225
385
71
111
56
110
90
259
29
109
426
264
199
338
470
58
240
57
207
362
206
269
227
491
478
429
175
5
439
354
133
13
297
496
396
224
313
287
251
13
204
354
35
76
341
154
363
206
114
69
211
360
346
372
81
75
362
245
292
497
124
81
19
464
208
310
472
434
32
245
411
77
260
50
56
384
233
390
249
177
194
460
431
484
55
128
420
236
310
59
90
404
34
278
58
6
200
334
433
327
62
248
314
47
353
343
488
374
333
298
60
145
340
182
410
390
482
448
35
211
400
439
317
48
247
321
215
367
125
58
29
161
229
243
418
112
198
335
191
58
255
125
461
314
470
459
404
455
358
350
163
86
107
218
466
34
396
116
121
459
259
316
149
118
376
290
96
245
93
127
423
289
196
479
79
188
391
44
293
212
95
149
424
257
88
300
232
172
86
361
314
234
19
418
121
363
186
167
94
260
437
248
497
440
73
139
258
241
127
400
346
215
464
161
54
20
30
412
189
41
49
404
252
418
98
329
103
265
210
95
170
330
498
53
30
326
448
411
242
233
379
22
257
421
121
123
216
58
163
338
74
165
94
102
461
402
409
186
361
324
168
435
83
370
406
295
140
109
261
4
72
34
182
305
453
57
398
209
231
55
39
421
412
153
255
223
357
463
262
407
394
287
426
198
249
141
117
481
198
223
279
313
365
131
185
415
166
97
163
131
339
312
369
447
15
101
253
394
53
252
448
495
8
423
308
81
166
38
458
343
99
192
326
114
38
209
20
156
129
440
321
102
296
424
316
423
492
168
27
124
372
89
159
340
426
424
412
303
291
339
301
112
222
395
471
372
434
219
453
89
324
360
299
39
366
29
59
204
256
117
285
265
135
297
195
434
157
418
134
216
493
304
376
81
437
203
458
285
260
53
78
318
26
72
294
29
126
266
413
238
327
368
59
379
54
17
297
223
490
416
398
264
232
163
275
12
493
393
47
188
111
88
132
405
276
146
126
39
493
492
55
395
459
306
191
352
68
62
385
363
161
220
398
467
496
475
470
9
377
164
71
248
269
389
210
305
157
74
261
239
332
476
409
421
334
255
299
205
417
136
398
299
325
395
344
277
419
71
491
117
211
394
279
345
357
108
114
219
429
4
406
315
438
6
435
142
26
331
305
74
67
176
426
336
499
378
361
440
322
255
244
94
31
197
97
96
335
78
319
166
396
453
286
60
461
433
399
22
21
492
71
350
146
289
222
268
351
428
92
288
327
59
34
421
137
385
34
315
2
342
127
93
326
206
155
71
77
349
311
461
393
333
4
441
444
500
25
401
33
153
490
321
79
95
405
337
121
205
349
275
138
91
398
404
235
443
445
453
83
495
40
63
282
435
284
357
379
409
124
156
15
32
476
103
143
244
237
191
453
205
497
131
482
328
187
287
407
237
363
8
286
14
448
75
233
443
375
215
142
267
367
134
195
7
236
184
365
270
352
25
6
68
190
224
251
221
206
159
229
474
497
287
315
301
120
49
273
142
313
392
18
183
447
294
352
447
22
58
32
312
395
203
171
33
70
432
420
216
237
484
73
384
456
332
428
330
421
130
243
149
410
169
420
404
18
87
79
287
367
171
471
155
286
346
295
296
199
496
328
435
297
272
453
445
433
390
458
135
486
132
80
108
221
285
345
133
192
306
295
237
317
177
34
200
120
89
460
84
425
438
327
167
358
40
169
240
159
326
236
414
53
25
412
191
460
235
266
73
205
183
483
443
227
463
335
126
39
69
76
484
494
113
304
341
374
172
440
162
314
117
98
479
157
423
312
266
204
51
303
315
258
422
469
175
453
415
31
370
224
144
377
309
155
97
148
174
269
400
355
485
52
169
361
97
75
247
468
51
495
392
379
481
232
106
113
465
56
474
117
462
116
313
426
228
347
75
451
113
90
342
331
4
239
296
141
201
172
353
313
469
315
445
106
399
434
174
115
99
424
50
338
175
266
358
305
142
325
492
401
11
407
321
358
204
4
45
187
34
128
167
299
59
209
188
62
17
423
245
336
84
32
442
111
5
356
201
142
41
214
143
225
121
123
333
137
99
196
120
145
18
115
471
445
321
468
151
275
141
241
62
344
197
230
5
173
176
98
68
293
16
119
28
332
457
311
368
369
439
355
26
395
325
431
489
405
355
124
212
61
3
410
383
340
395
432
423
496
74
320
462
208
402
431
110
416
325
358
6
467
80
274
269
191
497
57
390
470
265
9
156
20
288
384
309
6
220
81
399
356
172
155
302
319
20
437
357
304
47
491
440
346
399
491
457
181
251
356
185
417
446
23
227
262
458
206
366
334
366
101
431
428
77
425
117
429
242
443
487
24
485
495
75
267
450
263
475
384
69
372
16
190
85
329
307
498
435
255
116
498
145
33
289
46
24
355
183
106
23
269
319
473
143
35
166
348
120
414
254
386
441
208
460
345
460
289
301
128
180
2
204
327
52
67
87
298
379
307
78
102
180
237
256
114
129
217
6
499
64
457
138
258
96
147
479
39
442
226
465
146
493
47
325
376
173
19
471
336
81
51
159
143
208
430
108
26
267
160
149
6
115
40
118
321
310
100
189
388
474
292
497
457
47
368
66
294
352
286
331
29
445
448
140
389
278
203
152
123
369
288
177
297
157
336
214
344
210
93
496
120
142
139
165
408
276
289
303
351
217
107
343
490
246
335
330
12
60
109
443
53
489
255
22
193
33
148
86
187
241
157
51
171
94
177
470
116
425
378
125
421
326
252
484
229
497
77
436
495
450
271
475
153
397
331
87
492
205
107
450
166
161
229
284
122
40
52
269
230
209
451
154
248
143
320
112
21
181
252
364
328
186
9
269
470
108
219
386
71
48
181
256
25
107
254
300
191
134
145
452
39
409
398
302
340
486
97
152
58
85
405
26
88
266
10
100
269
337
472
69
446
260
435
19
264
37
171
386
105
103
307
85
429
436
145
401
16
26
75
130
39
208
478
78
276
128
474
319
89
476
329
216
358
349
38
442
139
454
207
276
123
125
253
287
170
495
335
162
194
306
384
451
283
438
477
141
394
208
494
212
292
438
245
236
163
98
96
179
492
316
163
395
162
100
400
266
76
275
427
362
325
375
78
120
228
480
243
3
174
91
184
173
241
348
78
44
327
256
458
46
134
397
437
477
467
153
281
20
455
261
300
44
195
171
91
149
209
332
120
326
230
168
53
383
44
377
194
143
281
95
51
6
467
330
102
274
139
16
425
268
311
363
261
359
49
281
53
237
60
236
379
119
15
403
452
25
499
500
78
205
407
233
282
42
385
6
57
230
72
46
72
323
301
222
295
470
263
275
376
493
22
458
59
63
61
66
227
154
233
124
321
486
496
289
338
326
239
455
276
337
79
26
439
162
276
408
447
61
135
195
255
95
66
212
470
272
87
213
136
320
439
220
436
7
339
208
279
457
359
366
436
158
57
455
31
310
116
385
112
194
193
451
149
33
170
59
142
125
189
346
488
36
95
184
320
12
417
116
318
188
286
376
319
50
107
460
152
290
203
285
207
281
434
284
435
490
118
258
481
119
11
166
93
50
78
271
214
200
314
319
404
69
71
311
234
145
189
257
285
367
197
131
273
286
121
390
406
253
167
110
163
367
152
190
113
169
306
23
259
270
134
370
345
144
116
205
353
321
44
19
185
169
235
89
139
70
231
316
444
8
170
206
37
63
246
29
221
456
240
326
73
216
293
260
174
473
448
457
207
313
190
311
117
191
453
278
181
46
293
62
405
362
500
38
351
294
449
250
344
233
316
319
179
191
388
207
162
412
495
333
260
371
496
341
226
417
419
23
172
188
265
193
264
326
283
400
486
24
344
94
97
424
32
264
230
182
304
340
136
64
156
186
317
314
227
469
270
53
37
471
442
189
3
255
62
479
406
94
86
289
272
42
217
325
216
430
9
177
424
330
170
86
287
223
327
151
334
410
321
274
147
403
471
495
130
46
285
489
454
429
203
82
382
361
185
367
476
159
322
112
86
316
29
406
111
172
315
158
400
315
223
54
169
254
216
65
478
234
159
106
112
336
350
456
140
429
95
149
273
381
144
402
114
194
465
411
144
33
142
398
348
28
469
416
288
380
357
56
182
23
69
263
120
63
70
227
490
59
44
434
96
221
393
175
34
66
493
175
142
291
169
55
290
484
438
190
4
154
258
98
169
488
318
358
116
44
139
212
96
476
44
243
92
284
29
320
122
148
481
241
488
468
361
354
285
220
221
426
129
494
159
480
433
34
100
262
387
204
121
94
283
384
224
202
47
312
15
90
340
14
14
164
485
431
397
3
222
24
147
387
46
83
362
145
242
308
479
184
95
446
166
104
309
93
54
248
155
94
308
129
266
48
122
332
347
90
438
56
394
236
58
363
481
323
97
140
90
443
387
278
140
337
64
133
9
80
293
482
238
130
300
108
310
344
93
441
203
134
477
239
323
477
323
204
427
461
68
17
247
498
232
100
400
259
422
107
175
408
278
447
495
432
387
447
50
452
157
232
162
418
15
134
29
267
57
304
496
168
27
344
238
442
7
60
190
291
261
9
21
395
246
412
86
185
322
362
57
342
134
352
379
109
328
473
10
126
465
142
138
478
401
199
215
432
28
62
283
282
411
147
110
359
403
305
389
181
20
137
162
119
436
457
363
278
359
307
479
265
210
150
467
150
334
115
91
12
500
416
434
135
391
150
123
331
367
334
407
111
434
424
27
173
140
220
219
470
207
133
493
255
349
403
403
414
83
470
481
17
468
299
487
80
64
365
400
224
86
288
463
294
101
88
128
340
497
178
304
65
342
281
454
283
493
470
313
192
415
467
5
375
56
399
127
403
143
93
228
271
254
231
52
484
140
136
276
42
229
489
115
22
286
333
255
140
419
74
138
470
168
429
303
424
197
10
143
255
184
60
135
311
313
243
169
323
301
452
270
413
448
185
35
260
76
59
381
110
116
192
97
338
340
85
353
458
187
118
20
2
134
227
479
375
497
281
250
343
336
411
145
186
201
401
322
222
163
162
156
326
209
251
21
349
26
63
169
378
367
435
488
299
107
477
410
237
40
95
63
396
421
312
370
247
324
64
178
394
256
68
358
153
155
119
381
495
311
288
334
337
71
447
70
32
3
481
168
250
27
236
171
55
87
406
92
331
469
375
482
367
292
426
312
57
190
213
289
63
75
8
354
35
316
440
313
429
152
499
203
24
59
229
128
190
112
397
404
316
498
355
348
367
104
313
76
312
127
375
200
407
460
295
222
208
141
35
163
353
159
305
319
114
475
479
275
297
227
92
245
239
71
206
166
440
268
346
409
107
77
290
196
261
477
479
148
189
36
425
271
256
494
453
390
71
292
123
484
495
192
125
219
341
131
206
147
113
377
434
389
481
34
9
65
500
380
346
117
82
294
475
379
71
392
85
442
293
302
324
277
129
457
33
67
200
55
206
374
154
60
181
358
92
187
381
342
468
158
166
86
99
406
92
58
359
434
128
195
456
243
107
261
160
405
161
13
71
215
319
408
494
105
285
393
473
138
490
146
186
329
397
146
399
260
196
148
458
198
135
498
373
463
304
466
412
229
207
488
189
99
465
455
136
491
5
139
376
27
244
78
257
95
350
222
482
273
259
487
153
227
224
206
18
176
217
125
122
309
154
355
456
280
38
118
173
50
403
106
75
215
157
416
321
101
107
305
153
56
24
440
288
406
394
47
339
10
46
421
75
274
188
437
29
316
448
189
238
74
153
424
376
274
165
465
495
171
255
190
466
186
400
84
316
58
213
451
4
373
406
312
363
317
225
462
20
390
40
448
428
338
483
16
431
118
241
338
88
356
337
112
150
394
341
373
392
353
194
37
479
62
330
262
265
218
137
450
13
314
2
487
418
453
142
77
487
337
68
475
107
210
185
304
329
166
60
126
215
414
66
498
45
86
231
220
220
174
148
102
50
164
14
447
109
168
96
150
357
126
161
80
190
139
212
80
135
39
16
210
301
265
302
279
176
452
56
53
60
318
360
471
427
199
407
159
199
416
266
119
216
398
15
464
295
21
380
468
86
12
336
380
378
441
460
242
41
247
335
486
275
244
105
423
178
51
472
157
465
101
460
153
15
157
64
71
474
387
14
309
204
15
38
372
255
307
43
495
99
29
383
69
456
268
234
253
467
34
294
87
480
298
321
168
494
187
492
190
337
301
469
44
268
127
316
310
273
125
378
86
225
348
166
189
485
36
477
118
319
413
235
38
46
21
89
311
60
26
488
328
139
201
271
17
9
156
381
226
344
123
102
109
499
356
262
75
396
246
131
325
101
100
134
361
301
121
289
427
198
140
473
214
172
491
494
457
335
178
36
335
417
221
99
351
269
435
319
158
363
450
467
141
326
478
264
92
104
490
86
225
323
368
273
129
145
20
17
151
397
369
245
178
256
298
110
356
360
417
49
140
321
228
481
295
92
246
420
119
271
196
304
68
302
29
299
394
340
97
486
479
465
383
284
309
39
390
280
428
426
119
198
416
104
357
419
360
190
437
136
46
475
441
78
481
239
140
211
93
103
204
17
489
10
308
98
452
196
163
496
285
335
214
133
40
19
276
92
119
159
332
245
409
447
35
437
213
185
127
59
479
273
111
136
173
453
96
337
48
472
380
435
337
386
191
42
126
113
141
198
328
32
241
18
313
358
150
254
71
459
282
272
462
122
179
489
371
81
235
7
122
334
335
403
242
19
95
362
357
231
318
40
488
221
486
437
94
285
80
139
341
396
467
17
103
457
51
199
330
440
106
237
66
343
349
46
440
375
5
48
101
324
288
402
60
71
93
78
68
260
132
464
351
253
38
325
301
214
376
218
268
60
76
271
491
304
323
434
90
409
35
471
412
207
227
193
241
257
33
137
409
266
380
64
92
229
490
204
471
306
192
16
346
431
226
179
179
452
75
241
427
226
40
5
176
181
191
250
343
325
36
480
416
40
477
217
398
128
20
346
327
371
49
390
170
132
12
81
304
57
125
52
102
86
326
455
275
486
218
108
467
276
467
65
379
455
58
76
444
375
428
484
85
160
108
359
103
100
330
383
370
429
326
382
492
130
336
344
346
420
256
252
139
369
439
267
97
234
457
390
304
29
301
401
447
355
268
322
189
152
266
42
113
406
371
303
360
158
94
283
336
469
186
42
464
152
69
406
251
14
390
297
365
331
366
400
245
117
250
144
156
460
152
445
473
359
125
405
231
31
204
384
282
199
317
130
280
478
383
349
96
196
423
71
357
256
255
133
51
226
301
150
471
318
195
393
309
332
440
78
475
315
29
161
133
270
394
111
474
462
229
44
233
391
464
102
17
460
224
180
417
411
60
112
443
211
221
12
425
108
199
78
63
278
103
129
135
421
342
108
307
125
436
367
191
244
431
70
332
211
245
86
351
462
188
213
299
155
151
147
376
466
259
356
40
180
272
12
72
149
412
316
22
10
359
179
269
296
67
496
139
173
74
210
457
320
256
495
481
205
241
418
172
151
498
250
325
395
187
233
378
486
11
12
60
358
234
4
259
289
495
495
207
156
487
255
256
56
446
26
14
444
125
213
331
366
211
202
475
157
83
61
370
273
107
145
72
12
87
100
192
201
328
474
102
193
100
164
408
428
490
339
13
148
461
432
355
370
111
66
252
423
251
160
397
199
255
169
101
372
487
199
221
340
164
264
43
368
117
230
468
89
488
405
55
199
104
266
263
430
381
305
57
287
367
7
283
144
401
386
304
175
271
341
400
12
395
136
490
297
417
297
256
111
423
279
175
359
396
447
349
383
391
480
304
10
500
7
59
346
338
398
244
117
103
316
402
494
41
162
104
316
126
340
379
396
268
103
322
453
121
14
311
132
120
415
110
223
173
308
352
413
444
301
95
128
344
47
316
492
263
80
107
193
386
166
191
103
381
424
415
162
318
257
369
380
50
439
270
362
40
410
258
333
493
298
298
156
482
469
438
336
78
140
137
453
277
270
220
419
221
335
100
133
428
14
139
213
58
168
495
44
196
259
38
38
272
146
112
283
433
377
177
465
84
456
191
43
280
425
129
158
306
458
111
242
382
404
95
8
484
196
269
297
324
247
224
66
337
122
424
72
161
302
4
480
455
342
131
293
224
307
246
352
243
211
200
194
371
132
408
400
417
190
353
274
54
392
363
319
62
149
432
225
391
170
227
6
290
404
414
280
295
455
92
192
170
108
282
16
463
473
303
109
288
302
283
5
190
2
397
250
404
220
409
45
445
62
310
347
142
80
190
279
449
435
434
484
120
110
117
401
195
51
74
8
350
442
266
439
478
157
196
172
491
253
400
490
263
194
178
412
397
337
28
52
320
419
466
9
161
342
75
160
103
109
195
310
59
145
313
22
234
93
365
473
481
104
212
32
12
355
210
35
321
106
363
498
169
448
59
482
426
127
464
443
351
269
185
371
398
111
154
24
13
59
361
459
16
453
148
216
319
154
40
235
41
194
301
283
432
94
142
369
332
431
395
196
329
97
371
354
356
116
239
134
139
145
177
126
234
486
89
373
485
136
400
449
410
427
413
420
127
480
493
118
131
403
391
381
422
450
162
129
145
29
115
338
262
79
142
399
91
460
373
81
307
229
223
114
406
411
244
474
222
378
70
149
267
236
490
348
103
335
39
134
400
82
175
237
442
162
312
382
260
298
3
13
282
478
194
343
130
93
3
291
351
83
93
22
294
344
496
446
407
405
461
76
421
102
238
54
360
334
353
350
338
219
213
13
454
326
189
138
254
20
20
493
167
29
422
135
494
51
445
106
53
146
43
409
180
22
424
228
487
258
21
280
393
114
25
183
206
8
275
283
250
439
284
471
352
163
386
124
383
43
440
184
13
395
209
81
373
24
387
375
25
239
135
107
311
417
485
187
207
8
301
439
492
273
223
345
134
96
312
95
375
321
477
125
425
468
271
475
343
265
229
278
311
359
273
203
47
438
22
122
112
245
253
49
198
437
275
270
114
452
448
236
222
185
402
90
70
294
96
65
352
350
323
185
121
374
316
392
386
234
205
98
431
12
161
192
454
195
322
161
374
160
129
156
272
293
453
258
306
292
78
495
417
135
445
41
39
324
54
221
426
149
457
466
449
121
156
51
212
302
189
489
441
290
168
392
181
230
217
64
141
363
112
423
130
471
201
356
373
109
293
344
80
316
331
339
219
499
358
105
202
449
100
298
79
334
368
218
360
10
31
47
248
330
357
180
456
243
350
360
65
308
203
236
129
334
456
359
431
161
5
382
12
82
41
302
420
345
151
269
249
118
110
314
243
150
337
356
255
257
284
203
216
171
256
277
467
209
429
258
188
22
238
22
7
427
117
199
343
84
276
156
37
374
285
200
460
426
137
283
270
496
272
170
144
53
132
355
85
289
287
16
416
404
91
173
32
342
200
134
217
251
351
342
413
443
237
489
246
105
65
67
68
407
241
408
390
209
175
245
189
349
50
264
185
203
224
438
145
405
149
257
199
207
419
438
200
141
197
470
423
419
211
400
166
123
238
129
43
325
429
412
423
131
476
290
456
20
364
189
140
470
14
311
223
31
370
184
331
58
100
333
483
199
36
429
387
349
37
280
64
10
154
87
50
218
195
407
148
384
239
379
371
257
415
79
396
494
43
112
169
33
478
229
412
240
136
405
333
239
45
325
348
122
222
40
251
375
39
228
288
325
218
78
373
163
240
171
69
55
116
250
208
130
138
202
421
71
246
315
14
417
184
461
38
330
191
431
260
29
322
354
29
288
6
403
343
73
167
115
4
339
480
305
334
448
336
274
58
491
30
250
395
296
163
27
359
93
181
452
262
328
451
144
107
246
409
385
383
41
500
187
199
387
12
182
8
135
17
274
37
181
251
441
344
174
181
476
86
181
366
475
90
397
462
268
92
246
285
345
134
369
162
251
277
69
27
467
213
477
484
308
223
116
407
94
479
318
335
325
110
461
380
451
151
58
238
9
105
205
451
223
308
232
335
489
430
46
329
491
170
398
309
334
88
327
408
102
459
255
176
56
76
265
152
137
225
233
191
190
338
481
177
311
477
416
398
256
394
334
289
348
43
191
35
184
20
128
378
47
305
204
245
178
297
415
326
59
397
477
118
18
361
156
320
173
396
477
275
199
239
367
456
150
258
487
320
147
363
217
477
364
254
467
75
405
306
24
309
378
156
441
201
192
408
474
196
221
12
313
256
349
264
148
5
175
166
255
27
391
460
448
455
429
220
172
63
462
179
244
82
290
153
406
361
354
195
20
478
26
425
375
400
5
457
385
253
322
212
181
371
430
386
312
404
480
119
383
338
187
340
260
242
35
260
148
325
350
255
121
224
405
128
57
113
486
26
481
220
102
282
69
449
485
156
341
312
431
170
23
77
143
162
234
416
70
144
99
200
203
159
423
299
354
266
335
464
149
100
252
99
223
486
237
346
182
105
243
203
377
337
140
428
13
47
413
101
79
347
480
279
182
78
195
102
120
28
457
74
225
317
71
166
273
436
481
409
291
147
228
260
386
403
495
288
25
414
190
43
204
414
19
192
127
75
357
209
96
166
263
379
456
383
194
344
401
277
456
323
271
89
76
371
429
482
370
485
379
329
455
210
29
218
468
177
347
482
111
324
449
217
346
313
436
136
380
245
466
382
228
142
459
192
114
295
8
47
474
319
193
464
239
232
425
233
85
397
245
19
281
29
467
46
393
209
264
436
294
199
470
476
281
285
171
215
148
426
419
246
318
132
382
107
14
316
206
351
472
62
414
369
18
272
350
225
91
52
271
305
315
219
37
56
56
216
68
410
121
161
444
53
183
109
155
299
25
240
340
402
7
169
394
214
366
477
8
336
196
431
153
434
453
390
350
434
211
244
420
246
360
314
367
345
267
216
415
443
103
246
316
322
365
10
234
339
295
345
415
73
397
89
464
108
160
355
320
138
191
72
263
417
362
17
30
357
303
492
61
232
90
245
100
484
15
211
156
89
437
376
164
266
295
108
152
441
137
414
195
10
21
153
218
451
102
315
47
496
92
344
322
438
210
197
170
185
2
128
401
388
430
340
97
461
46
171
262
190
339
180
