90
79
124
96
196
24
76
132
272
91
48
60
197
290
26
145
191
140
168
185
93
35
202
236
118
31
148
186
55
69
96
225
25
147
14
6
70
76
179
144
31
16
51
84
16
27
101
234
18
61
269
223
41
127
13
27
218
37
74
231
243
2
165
79
216
66
125
11
201
115
62
23
212
68
18
56
249
131
147
6
195
98
94
54
207
117
74
202
24
34
170
31
32
1
33
280
25
114
170
192
46
184
152
163
20
177
124
129
76
49
66
145
86
35
240
156
108
120
42
4
67
107
108
97
34
60
187
257
89
80
103
269
16
172
138
82
165
119
15
113
116
124
185
217
109
117
210
183
27
216
115
184
95
70
100
250
22
159
282
100
107
94
71
84
2
108
85
170
25
157
76
66
49
247
49
175
244
45
68
108
293
219
27
26
102
50
257
190
13
209
5
16
53
4
172
18
20
33
148
228
238
10
240
12
23
8
143
71
11
149
49
10
132
263
102
111
162
129
158
291
135
32
79
33
63
145
82
100
73
111
161
15
178
71
78
81
232
6
281
140
37
199
168
18
81
248
82
194
11
93
336
200
35
232
32
128
120
139
84
123
64
91
249
29
168
44
137
229
181
217
110
80
30
103
231
162
75
42
151
244
181
135
97
75
3
54
72
77
61
248
168
173
24
173
97
143
5
204
200
3
150
93
28
42
108
118
146
226
26
127
28
102
227
30
69
17
182
101
38
71
199
13
120
50
113
98
20
65
103
75
115
47
163
80
91
25
199
81
198
53
251
50
247
112
139
197
105
87
132
167
294
81
69
117
282
49
191
104
155
131
130
33
223
34
319
19
221
211
141
57
84
123
86
8
59
32
22
109
59
231
36
7
21
9
1
191
119
113
191
97
35
90
68
100
151
42
34
132
123
273
108
122
211
157
125
213
89
94
188
53
12
76
140
2
143
203
78
57
135
70
138
72
28
103
42
298
9
143
180
5
37
32
251
24
91
191
155
306
41
149
84
54
39
20
74
163
199
89
82
64
53
116
60
47
264
20
118
83
181
100
6
72
38
91
105
3
178
143
119
92
186
10
144
126
136
1
293
248
237
28
101
235
65
175
150
26
123
113
74
76
132
259
53
23
14
158
33
102
162
207
39
210
49
33
76
113
166
130
51
25
17
25
11
32
262
69
249
49
210
36
257
185
96
179
84
137
160
223
257
18
60
68
89
185
150
55
67
25
44
44
132
23
17
140
32
103
134
131
94
30
307
26
192
146
102
162
251
21
161
130
163
36
3
145
174
117
14
116
72
86
110
143
111
118
75
4
180
117
188
81
110
39
38
134
204
281
174
17
24
211
48
105
114
84
47
194
80
69
38
127
272
29
52
191
10
93
77
48
94
175
48
197
123
16
89
10
48
240
50
103
153
77
254
157
9
47
30
244
204
90
62
7
94
72
21
4
146
27
47
69
84
15
122
33
264
17
60
15
22
271
135
94
228
24
84
279
150
173
134
164
147
310
10
8
137
129
86
64
68
196
120
28
91
62
90
121
81
232
114
93
95
202
217
170
96
55
90
91
167
289
37
47
38
90
1
16
85
210
248
94
93
190
63
141
152
113
74
119
141
170
142
67
91
147
86
59
37
62
71
56
263
59
157
243
11
249
41
199
15
92
188
74
21
169
155
193
181
214
100
144
105
131
69
115
37
112
47
39
1
76
16
154
266
182
184
94
119
19
178
32
118
13
198
113
94
245
18
215
154
60
182
104
6
73
57
168
26
229
125
60
109
7
254
93
196
98
40
126
56
130
91
108
79
192
57
115
36
62
9
64
108
86
117
69
99
161
167
68
87
137
121
183
54
4
268
297
215
168
30
61
199
188
23
73
133
79
3
144
112
132
286
142
21
49
27
304
77
120
159
43
60
18
4
32
188
52
17
20
212
228
107
65
74
22
23
21
72
17
205
136
49
71
211
152
115
54
1
138
95
217
108
140
54
37
111
160
213
9
208
43
38
27
74
52
18
149
1
111
22
206
71
123
69
53
62
146
58
215
202
25
214
152
199
257
17
47
68
45
33
186
28
252
49
4
37
72
17
295
53
318
228
88
49
66
181
241
118
19
182
141
73
4
218
79
57
38
87
96
43
31
24
19
94
91
25
42
227
36
26
40
189
145
55
29
163
60
67
129
44
153
145
39
287
147
149
77
57
125
319
179
8
204
62
68
81
217
8
33
140
178
164
130
2
37
143
257
95
12
167
295
10
136
212
135
154
3
302
3
204
148
191
132
54
194
14
218
28
40
119
150
142
56
139
45
183
131
90
7
288
26
99
32
129
209
136
241
68
206
93
90
17
157
8
152
66
85
54
43
113
169
274
53
272
20
286
80
58
209
163
274
31
11
137
104
234
66
47
30
143
44
79
3
39
142
18
3
78
327
79
110
205
194
142
136
104
146
212
58
64
113
227
11
244
156
28
24
15
303
195
58
22
23
1
248
76
216
254
107
194
126
7
13
210
45
51
13
113
72
131
97
258
104
100
55
157
119
250
236
61
228
111
121
22
26
33
60
24
63
45
116
101
90
108
155
53
36
47
123
189
76
120
55
104
123
94
322
64
119
49
20
259
241
69
156
25
199
28
80
131
117
256
114
231
57
126
63
26
208
175
134
28
138
145
124
210
190
65
189
219
1
14
205
70
37
135
184
25
98
78
69
18
226
131
49
182
23
11
202
111
50
170
85
343
79
76
155
50
25
20
16
32
47
52
59
93
20
3
246
185
37
172
95
166
72
171
185
69
330
92
98
279
54
136
44
98
204
34
207
58
216
47
2
234
149
66
95
169
5
81
91
148
113
22
160
64
112
30
105
166
113
141
208
39
89
285
25
159
28
32
30
129
34
64
242
70
14
223
124
143
210
106
111
144
100
309
75
238
129
210
59
27
114
64
15
22
129
36
80
135
119
44
185
6
166
290
38
212
72
15
76
39
142
21
107
7
48
77
159
156
49
166
65
71
40
49
164
26
270
88
35
58
139
78
93
199
74
32
9
70
79
76
91
16
30
133
46
97
43
253
16
259
34
17
125
188
84
117
294
34
21
79
208
99
35
106
196
147
172
98
30
233
40
90
27
17
167
52
148
150
47
58
104
145
24
172
180
13
40
252
210
18
1
31
63
44
73
5
96
189
42
79
138
113
162
252
182
11
243
4
49
73
46
153
200
108
137
104
283
268
242
125
178
227
219
101
107
75
166
94
31
262
141
222
284
246
67
241
277
63
22
69
36
18
105
37
123
59
101
44
37
152
105
96
82
136
31
53
91
9
38
13
38
87
197
83
91
104
11
1
139
1
70
62
62
17
24
100
136
236
103
147
58
26
172
288
100
93
37
105
304
94
123
183
100
175
76
96
240
115
2
157
260
75
177
259
187
83
244
110
321
91
38
65
142
36
143
187
165
57
211
59
38
239
243
107
68
174
89
130
106
28
47
159
91
43
135
43
107
173
220
36
30
184
78
310
172
43
116
132
255
76
55
24
333
11
110
89
112
92
121
61
225
205
6
7
158
93
140
5
56
35
8
29
14
35
12
176
16
68
174
110
76
119
246
132
87
4
197
16
118
67
160
241
39
4
216
65
21
27
16
128
128
4
20
120
103
9
65
126
167
172
145
4
170
235
72
22
25
358
176
62
169
26
96
108
159
172
84
180
11
232
68
185
27
54
124
44
82
21
19
70
127
174
209
136
108
237
65
148
232
125
298
83
280
253
16
34
142
219
242
62
47
268
14
27
179
83
234
98
50
129
42
343
63
20
14
155
44
98
74
1
8
15
145
85
12
78
15
49
43
66
100
188
68
171
127
88
89
193
69
24
175
164
116
175
60
239
105
84
138
72
4
113
155
133
221
87
65
187
192
101
130
83
178
92
113
207
238
77
91
61
29
162
5
187
153
3
109
129
175
102
302
11
122
157
107
135
196
15
92
4
69
1
126
73
95
8
67
234
29
268
257
36
16
265
107
90
7
104
170
143
118
96
143
138
1
42
135
17
220
166
274
117
105
234
156
175
121
280
189
111
261
167
34
197
35
277
199
187
91
71
107
200
24
190
209
85
158
314
37
134
117
52
170
17
87
61
79
85
12
209
69
27
16
78
4
44
25
91
268
161
2
65
52
96
55
84
1
212
40
1
201
84
162
6
258
57
109
24
249
32
247
81
77
85
156
87
204
269
2
39
210
9
175
138
148
21
68
65
1
107
58
208
237
155
18
216
169
25
53
82
201
150
229
125
154
58
49
42
145
153
169
20
28
202
38
63
78
117
260
45
19
252
24
11
262
113
41
77
223
8
108
68
215
165
37
195
207
47
6
78
134
32
49
159
195
104
123
266
86
150
89
38
114
15
103
65
88
146
234
14
72
59
155
87
86
32
139
103
83
51
28
58
107
89
149
117
50
51
241
127
143
22
127
36
45
86
128
269
201
55
162
74
100
5
93
21
1
74
86
244
82
273
86
124
58
190
130
16
200
194
36
120
289
49
174
46
49
155
127
3
287
33
140
80
194
136
61
11
227
313
123
137
165
106
76
82
19
102
107
25
29
2
44
137
10
156
71
49
241
64
179
139
141
111
63
181
112
90
144
84
99
123
20
61
141
57
98
157
83
5
58
104
74
249
43
124
33
227
105
157
72
9
215
154
128
31
139
129
71
15
113
115
226
51
131
111
31
69
72
255
182
144
6
178
11
126
24
152
21
29
102
47
248
152
114
228
109
142
166
119
166
13
53
38
243
46
273
114
160
150
177
8
146
233
16
68
71
162
20
96
10
59
97
171
13
4
139
168
107
277
79
166
252
20
27
101
103
102
87
134
207
210
165
99
32
292
252
4
110
32
63
189
162
22
77
18
206
286
130
29
115
186
167
98
41
186
126
149
253
185
290
144
183
116
22
33
65
172
105
300
90
245
34
98
111
37
81
9
25
141
168
188
99
228
93
26
127
67
19
204
35
5
50
57
31
8
33
139
41
105
157
25
64
151
95
241
20
233
206
127
96
220
28
213
92
157
74
78
114
149
71
11
30
12
10
119
72
65
180
58
67
65
41
62
61
3
60
31
184
114
47
209
97
89
141
203
212
193
104
172
103
8
106
74
47
169
180
58
108
147
50
163
72
172
194
154
21
133
185
127
122
11
37
69
50
139
302
128
8
287
86
82
219
18
119
7
36
109
177
259
7
123
11
67
177
18
54
172
8
104
56
259
80
230
46
55
33
49
274
227
283
183
40
8
245
70
81
52
114
84
213
249
78
13
85
124
125
43
36
268
93
18
38
240
151
121
173
37
33
156
185
186
47
176
253
143
34
45
47
36
85
253
61
28
108
28
74
82
22
17
42
90
112
86
45
194
105
58
96
16
47
27
3
1
51
29
57
75
3
176
56
39
42
73
97
34
209
183
13
108
299
48
103
54
110
151
71
5
292
204
172
24
139
232
155
108
172
36
26
187
124
254
86
95
187
212
93
48
103
174
286
45
24
177
221
66
264
91
121
122
124
27
208
103
214
61
130
1
14
239
216
180
47
11
98
197
203
126
6
236
218
185
113
82
73
295
292
204
152
8
164
114
82
65
248
124
228
167
2
169
95
259
15
19
91
42
209
25
35
214
89
38
228
17
93
192
275
171
22
62
55
144
125
63
185
113
162
134
69
87
311
56
137
123
45
115
70
79
12
89
135
129
89
34
193
190
37
191
46
49
191
50
139
129
89
171
183
108
108
88
230
15
57
174
207
106
110
62
293
139
59
131
20
212
59
4
34
89
37
260
92
238
118
145
205
229
46
17
63
213
108
83
4
229
74
137
104
99
60
32
158
121
233
71
11
39
89
10
315
132
174
3
52
143
223
64
106
157
42
38
2
31
52
206
133
1
9
21
114
179
49
20
161
51
39
238
9
133
154
290
215
121
65
97
16
128
257
199
30
94
21
86
154
10
77
86
20
149
11
186
101
9
186
172
88
89
55
147
110
139
125
50
75
200
41
68
26
111
152
288
143
61
3
59
112
29
189
118
104
81
234
167
38
107
220
125
129
2
100
204
72
214
135
12
189
76
195
174
89
126
257
75
225
51
17
51
149
193
8
25
33
95
21
32
59
167
191
1
223
85
99
84
327
136
224
91
189
165
51
91
7
63
113
46
163
92
143
106
194
67
222
95
225
24
197
17
48
111
43
85
100
14
254
39
34
87
38
106
97
38
28
8
268
88
181
92
148
203
91
47
23
164
133
76
20
3
208
180
328
29
138
65
30
34
17
28
85
259
132
87
198
145
47
3
1
89
216
36
39
9
61
143
105
65
5
153
18
88
192
225
151
303
30
66
58
47
57
133
13
41
164
86
24
27
163
154
77
80
63
161
134
63
130
9
166
220
1
37
38
103
105
205
5
96
211
140
37
168
12
27
195
135
164
17
60
7
124
121
61
31
143
95
165
43
186
40
44
25
102
255
128
150
42
121
22
241
76
145
157
146
244
45
250
131
45
16
130
281
233
118
126
146
36
12
31
164
87
111
289
75
204
23
9
106
169
166
84
73
216
137
104
1
31
124
16
139
72
105
99
7
183
72
145
95
363
147
95
124
9
204
249
63
56
105
17
142
84
128
177
146
58
155
52
19
247
16
112
188
74
85
107
9
38
77
91
61
20
83
337
2
165
96
114
12
136
59
88
76
111
47
63
98
144
291
183
56
31
26
175
169
135
45
82
6
138
31
83
19
75
133
55
172
98
90
201
67
244
76
53
48
113
9
98
133
57
133
148
43
109
134
46
173
2
181
180
46
11
33
8
24
139
164
250
82
3
51
31
21
163
61
128
4
39
90
44
101
87
237
170
116
24
127
180
9
239
133
61
119
223
22
72
189
117
30
38
38
47
210
222
11
268
107
148
114
94
209
88
10
147
89
6
216
21
95
61
41
193
24
69
41
14
137
94
21
37
130
123
112
124
91
98
45
79
139
114
48
114
144
48
116
136
253
113
138
79
25
4
107
16
31
21
117
284
118
193
41
167
56
152
38
189
183
61
82
158
27
94
64
199
198
59
12
50
42
120
144
175
66
153
9
5
30
85
285
63
56
123
68
87
50
7
4
22
49
52
154
107
162
179
189
199
76
79
129
60
130
244
134
138
44
311
85
17
171
225
99
31
208
77
190
266
205
2
71
193
195
222
148
234
73
40
289
32
338
161
304
38
83
76
48
119
133
99
83
4
5
102
87
75
17
39
137
328
166
40
46
99
120
99
34
36
133
60
103
98
120
33
110
89
77
130
13
159
64
15
229
72
223
22
105
14
57
22
66
58
35
9
75
110
94
198
165
107
144
152
138
101
104
192
88
77
108
41
184
135
201
237
83
133
51
214
91
62
87
61
71
13
130
61
112
23
18
106
32
116
104
180
171
148
207
72
1
8
37
281
4
88
74
182
57
9
206
184
98
1
20
58
110
141
210
125
45
56
68
71
56
154
278
61
164
46
65
50
106
30
84
103
64
68
224
59
261
68
176
33
137
263
41
162
139
208
41
5
133
166
7
40
26
78
15
232
120
204
69
26
71
44
152
11
32
177
95
81
269
166
187
65
18
35
67
96
14
124
55
264
62
87
15
193
215
184
5
212
58
164
195
234
38
9
27
215
25
17
27
67
197
48
161
5
36
214
72
102
11
160
109
179
113
189
199
49
120
119
136
157
61
84
105
3
58
117
29
17
75
210
114
184
166
183
61
121
236
64
250
49
134
66
132
23
11
6
104
36
45
288
53
22
76
81
23
201
174
57
252
98
23
2
237
188
104
216
69
263
239
99
95
120
118
101
6
4
16
146
192
135
40
48
45
236
237
188
46
198
64
22
16
14
42
167
70
232
91
112
52
1
75
1
187
127
75
25
199
9
62
14
142
49
168
15
1
201
5
193
179
114
182
122
221
218
29
77
173
67
94
116
294
47
62
38
24
128
191
97
182
202
224
11
107
117
307
35
75
129
224
43
27
80
112
173
163
176
57
76
10
108
159
133
84
1
254
147
155
75
41
44
55
135
159
93
19
41
234
97
185
243
40
98
68
78
105
144
202
94
161
50
12
82
5
2
143
99
74
163
111
62
59
155
205
18
124
71
171
43
105
145
206
28
130
129
155
7
64
275
114
206
175
28
108
114
117
52
122
55
92
10
7
209
13
304
71
260
5
126
164
64
135
10
172
146
11
242
37
7
11
108
154
25
98
257
134
34
98
195
84
59
23
52
40
40
89
109
246
25
117
242
10
143
276
275
126
21
284
62
8
54
177
23
185
123
110
51
92
134
77
58
97
190
31
29
3
55
32
25
123
128
55
30
66
154
196
151
78
3
1
170
24
6
213
240
93
124
168
216
87
142
147
21
83
204
51
70
78
31
91
81
20
135
62
52
70
46
101
5
81
111
74
130
48
152
74
188
134
151
17
187
83
22
29
284
21
46
134
45
154
111
34
16
57
196
2
55
66
44
216
52
121
39
57
280
237
225
176
109
215
50
335
55
204
258
79
28
45
94
38
117
161
116
106
113
133
37
23
61
220
133
156
168
213
20
76
166
50
113
115
31
215
103
182
74
203
50
20
69
152
133
19
4
204
9
119
57
4
42
8
76
17
253
27
135
38
116
26
25
42
69
171
214
73
168
8
39
167
116
47
34
48
24
183
148
98
68
34
4
60
54
137
136
70
73
230
62
87
298
86
31
83
73
92
72
61
34
216
123
158
99
21
62
47
187
24
56
279
162
90
4
179
103
20
94
53
245
22
219
99
283
34
17
11
6
23
31
36
27
15
149
47
222
7
117
44
100
46
54
87
6
111
226
12
49
30
26
126
205
171
149
48
65
28
252
181
51
165
203
240
186
26
95
39
38
79
93
233
210
178
15
8
80
252
132
77
6
87
246
123
126
16
224
106
80
117
92
10
82
63
36
81
201
89
49
6
55
223
211
140
34
100
110
48
97
148
38
50
200
112
286
22
178
218
82
63
130
194
180
242
64
32
60
128
198
54
139
126
119
332
56
110
13
197
51
96
96
31
37
140
230
49
79
221
234
47
278
313
312
140
81
80
149
44
64
22
198
50
63
258
6
20
136
180
181
146
32
113
154
183
166
54
129
68
118
26
99
178
253
3
110
160
236
75
67
99
2
106
94
70
138
129
149
222
12
65
159
81
24
44
148
75
188
181
289
138
251
80
253
69
144
41
156
118
202
3
133
75
4
198
75
8
40
41
18
80
97
60
117
113
178
208
237
66
92
77
61
260
82
53
115
197
38
150
28
7
1
104
76
53
226
75
191
48
45
201
179
134
7
20
99
220
23
13
72
136
76
65
43
209
9
74
168
212
56
177
113
146
74
59
185
152
128
212
185
82
281
225
28
113
4
172
51
36
113
204
167
42
99
46
107
9
2
176
276
214
242
99
31
115
17
78
51
93
206
237
277
191
181
27
208
160
110
49
28
266
97
167
22
151
177
103
100
72
140
321
31
83
161
74
36
64
21
107
29
5
101
33
218
164
220
203
94
64
216
1
156
153
89
194
6
118
156
281
176
121
87
109
178
150
3
10
295
75
202
181
124
34
158
19
151
94
16
54
171
117
114
265
31
167
8
226
56
62
62
34
217
12
48
154
212
74
156
76
46
64
199
11
22
120
104
58
9
71
168
114
66
305
8
310
63
228
35
1
55
24
192
17
59
127
166
169
122
280
22
1
158
48
13
174
220
79
33
45
120
145
139
236
61
33
74
35
90
18
210
125
67
121
17
140
97
18
75
64
122
11
54
143
185
88
27
273
9
135
34
129
123
157
123
66
19
128
155
96
203
216
94
107
163
79
81
100
81
11
44
114
126
83
96
36
171
220
125
252
108
180
119
19
37
158
203
43
162
51
75
4
141
21
260
223
65
46
22
108
196
11
219
178
203
40
21
70
145
133
13
106
64
204
68
139
156
17
7
15
267
24
27
34
179
140
90
150
67
50
48
121
21
32
8
118
103
108
61
17
145
183
14
59
96
53
239
122
108
187
92
9
6
251
30
9
129
59
21
20
9
191
45
135
61
211
238
144
31
143
28
53
252
91
67
230
66
154
154
56
27
195
80
199
5
59
45
97
66
115
127
77
140
211
121
337
166
170
69
174
105
184
15
212
121
53
36
225
169
6
75
94
68
9
107
101
148
92
56
23
4
55
150
103
61
19
222
52
56
161
154
21
132
80
43
127
134
197
14
25
119
140
213
74
68
78
126
90
113
50
162
69
200
1
59
54
124
73
187
118
29
175
35
169
258
205
4
148
138
9
79
3
118
82
130
159
174
105
19
96
62
108
127
214
93
97
10
23
148
6
70
174
136
106
123
276
138
6
52
276
16
131
107
157
147
138
95
37
62
17
125
33
29
39
14
72
105
159
175
45
121
124
186
273
9
221
14
43
67
85
203
102
14
89
62
69
196
4
111
80
99
66
67
90
60
3
62
100
28
221
71
233
119
110
154
10
22
5
153
42
118
274
84
178
3
165
214
45
10
28
33
57
14
158
12
190
282
101
96
32
90
124
85
87
17
15
66
6
27
184
105
175
19
16
92
245
100
108
184
154
340
148
162
69
108
116
93
79
199
32
54
96
86
101
150
122
65
101
184
44
82
228
74
130
53
73
146
28
41
20
77
97
95
118
59
60
1
204
124
124
137
88
143
60
27
173
10
199
129
107
81
39
45
61
135
127
221
171
224
244
60
48
153
214
100
9
149
147
78
165
93
51
101
157
258
240
19
208
170
182
55
20
237
94
5
55
154
124
12
88
48
97
213
176
50
65
40
63
116
23
333
75
121
247
205
192
86
28
98
1
29
60
188
220
47
119
148
18
38
108
97
153
51
71
26
36
139
70
82
81
180
206
256
41
157
30
17
221
17
196
22
62
89
14
169
28
43
80
82
235
89
176
48
211
61
108
18
52
53
31
249
64
5
316
234
119
231
41
40
83
277
64
155
168
143
39
165
90
1
197
88
96
197
31
261
23
1
53
59
14
205
283
191
215
12
130
70
204
4
152
44
135
117
124
228
133
60
383
62
255
86
35
33
98
225
132
11
15
24
105
181
194
69
203
96
129
122
155
193
8
20
52
16
340
103
43
256
3
230
107
12
85
79
69
272
103
182
43
84
84
41
109
151
29
45
119
145
7
145
17
5
35
25
191
263
38
54
30
34
197
33
191
73
104
133
11
192
131
78
133
172
18
34
28
9
60
249
144
266
12
163
215
242
52
222
47
82
170
210
209
182
72
29
111
105
225
154
166
181
244
89
108
223
279
100
186
92
68
170
137
124
186
89
171
230
151
188
76
16
90
69
215
200
132
29
26
54
107
39
113
70
17
38
43
44
324
70
37
55
136
3
44
115
51
120
240
40
24
3
60
130
68
181
70
26
100
41
30
35
13
34
182
271
64
78
210
137
265
202
43
71
98
163
151
111
296
46
8
112
232
88
260
1
179
94
84
187
170
144
221
199
243
298
117
69
235
81
68
100
297
121
223
187
28
92
193
129
78
99
149
31
264
310
45
360
124
24
81
62
123
214
118
46
198
186
37
82
10
65
16
97
95
246
135
229
40
11
99
54
109
253
203
198
103
141
112
172
125
86
191
165
128
23
122
117
54
47
5
105
144
17
194
133
87
66
12
4
132
244
120
110
10
52
48
76
334
158
23
229
176
86
176
234
198
122
11
51
124
286
109
141
148
18
155
31
64
6
14
40
189
167
260
189
28
24
107
67
45
53
167
173
52
208
27
219
251
33
52
3
129
215
58
114
61
161
40
151
208
3
18
76
109
30
104
188
169
132
98
121
105
38
180
97
33
111
247
147
16
172
12
32
221
280
142
18
221
217
122
3
142
63
183
141
189
148
135
44
88
148
180
23
249
166
154
32
52
35
76
129
247
131
11
134
109
3
263
247
252
117
11
125
172
147
216
110
311
34
131
137
15
27
81
275
23
34
172
7
162
33
142
12
20
99
211
175
99
262
261
177
164
9
149
215
162
89
134
193
195
93
74
160
42
217
206
94
239
143
197
211
81
6
384
120
47
203
180
31
188
207
43
33
47
91
87
192
138
117
166
124
59
178
241
4
45
211
67
272
94
34
12
54
201
114
189
59
183
181
85
13
335
160
165
93
37
135
100
78
67
104
181
19
146
6
33
82
20
95
10
47
71
96
66
170
93
180
127
73
160
18
72
79
113
218
68
27
55
9
188
35
34
47
205
101
58
19
244
56
77
91
52
38
50
162
66
19
132
65
110
194
15
54
31
67
18
4
51
200
55
133
30
68
113
21
151
121
20
44
280
248
146
48
28
62
26
101
315
163
206
92
48
259
145
59
47
93
76
86
62
161
161
67
193
175
28
162
80
213
111
112
2
155
191
9
260
34
102
11
305
149
2
41
240
65
21
1
28
65
227
233
13
128
266
194
18
19
163
159
48
128
105
13
122
15
118
123
51
53
37
111
156
137
189
106
98
19
211
129
25
76
183
5
24
4
126
213
79
164
233
130
33
148
85
71
59
67
172
91
159
172
269
54
162
194
35
137
46
47
136
95
171
50
167
74
71
211
217
226
70
102
90
53
40
78
13
6
35
131
116
44
166
144
60
101
40
143
248
58
87
33
161
131
19
302
30
154
55
89
8
185
24
159
27
3
3
93
30
45
57
33
116
8
164
11
65
11
170
23
161
148
24
116
4
96
113
129
139
8
248
15
65
92
53
191
163
208
134
136
212
154
50
167
83
99
41
17
116
109
153
53
113
256
15
232
215
129
72
46
23
30
251
140
184
107
238
86
72
119
251
99
193
42
212
88
68
24
163
73
181
65
13
33
39
41
174
99
137
224
22
52
168
144
127
2
229
16
239
14
100
71
123
159
262
90
37
64
157
150
71
218
37
303
135
25
13
46
23
15
173
181
32
338
67
44
143
100
10
112
43
121
292
243
24
28
60
12
89
217
84
160
187
65
72
61
3
56
90
2
190
119
198
85
283
48
83
82
214
19
32
3
80
40
244
68
179
159
95
216
59
93
49
7
32
103
60
13
45
247
29
48
250
112
213
152
116
50
243
15
45
10
237
150
105
206
223
173
36
66
139
44
106
22
1
130
228
110
17
57
129
31
287
171
114
188
24
95
218
78
24
235
303
69
43
26
131
102
23
21
147
18
171
150
3
16
183
167
131
149
137
15
138
166
116
84
89
42
230
62
205
87
169
242
18
157
35
229
13
263
216
167
334
108
20
4
143
200
146
115
267
192
153
3
138
8
238
62
38
109
213
4
13
136
169
101
175
140
108
44
214
233
116
154
23
32
31
218
118
23
22
45
99
123
139
6
69
82
132
32
122
108
45
12
72
174
92
68
22
195
241
6
48
60
36
38
110
50
50
29
168
16
77
124
137
99
70
66
150
68
55
93
89
33
53
15
28
41
16
12
153
54
2
48
9
209
14
95
139
325
247
14
73
86
83
151
156
6
145
117
17
87
3
93
64
86
234
10
7
12
22
202
63
31
49
174
68
120
134
169
36
6
47
44
101
38
181
279
95
55
113
209
19
83
279
101
132
136
73
82
224
72
164
55
35
2
35
294
279
152
65
38
84
8
157
1
207
132
298
29
55
82
35
58
14
66
312
194
66
181
55
234
45
53
4
191
233
162
202
295
161
156
97
273
292
49
93
242
234
5
62
273
122
53
108
112
70
184
221
20
112
2
25
135
81
143
140
77
110
13
6
75
104
154
41
6
137
126
228
51
43
206
237
225
82
259
139
67
68
127
125
15
157
197
176
133
237
158
103
102
76
50
222
136
80
133
1
117
30
117
55
27
19
146
33
90
231
24
113
124
46
45
111
71
226
218
44
115
21
112
18
272
308
284
53
273
146
225
208
180
25
62
155
216
193
5
99
132
120
203
6
261
127
218
101
145
27
110
43
106
58
127
238
178
22
114
36
12
43
59
158
27
154
65
10
44
167
219
62
20
61
230
150
209
136
24
93
183
39
114
83
153
91
141
149
179
4
113
38
52
213
184
231
179
170
39
14
39
19
91
36
116
63
89
206
151
99
93
150
36
16
182
16
133
134
6
35
46
17
77
116
27
78
76
123
204
1
207
23
18
98
151
207
197
47
66
22
129
105
23
28
107
150
21
16
204
69
42
171
32
204
138
96
31
86
75
63
70
40
138
97
67
204
1
93
81
26
127
161
50
96
102
6
295
160
21
94
26
31
208
184
238
32
236
155
122
105
138
269
179
234
154
259
148
160
78
118
87
56
292
203
232
203
131
39
98
47
10
9
154
107
36
191
163
58
37
51
42
111
27
219
183
174
140
252
105
75
329
65
89
130
70
37
23
49
200
72
63
189
146
26
12
58
158
52
173
147
69
104
43
169
22
234
116
194
106
222
146
138
64
47
66
24
4
10
90
72
221
43
115
140
118
264
43
196
158
80
75
120
167
191
171
38
177
40
58
3
266
109
120
76
13
179
85
135
131
109
113
125
19
240
75
93
80
131
38
148
140
36
66
52
32
71
60
20
120
222
251
21
126
13
299
30
46
76
42
10
132
24
17
76
54
47
90
259
191
55
192
154
163
117
55
43
4
9
148
115
181
1
27
144
237
70
198
25
81
150
138
69
50
44
233
134
195
51
91
3
72
24
73
142
58
184
71
119
59
55
85
30
84
121
67
136
33
63
34
117
161
31
110
129
19
19
102
87
97
234
205
76
5
53
59
86
47
162
56
26
131
127
115
182
104
171
117
246
12
11
17
217
56
32
239
7
12
199
136
215
250
106
254
17
13
43
15
133
63
166
245
85
232
24
16
140
75
112
182
32
268
139
133
209
129
9
32
13
59
109
231
252
40
176
39
255
100
65
42
68
170
93
276
80
57
84
211
36
146
115
145
127
31
39
79
204
49
71
89
40
29
231
28
65
76
49
28
110
9
34
213
167
34
21
154
60
116
6
9
7
11
49
119
33
54
73
132
80
53
175
9
128
31
90
110
280
63
1
94
39
24
96
45
52
52
38
178
88
53
43
106
9
199
123
135
92
97
109
7
11
113
191
195
94
43
80
296
68
118
110
170
124
146
71
74
114
68
68
6
178
87
98
50
40
158
243
141
47
136
17
214
51
4
145
18
160
40
68
104
24
39
131
146
236
156
171
20
8
34
116
134
119
151
205
15
80
26
129
31
43
23
129
11
108
34
51
65
125
15
1
118
107
167
228
25
131
3
124
85
49
32
199
42
43
187
117
59
100
59
26
10
63
235
27
10
83
57
26
133
221
15
27
124
29
50
164
50
51
22
17
157
125
39
40
65
108
160
69
13
46
1
223
138
60
133
20
215
71
96
36
157
227
31
84
8
169
48
27
146
153
126
110
69
209
17
92
106
113
34
94
87
99
37
77
21
158
133
18
35
45
57
41
215
21
99
162
16
25
195
12
104
40
197
175
236
4
2
39
67
140
224
51
128
112
265
85
197
224
23
104
260
135
58
107
109
106
288
88
195
64
16
16
165
211
175
22
34
88
266
215
93
31
41
80
137
23
37
161
71
106
101
33
73
115
192
155
225
16
8
15
46
48
20
38
135
136
70
177
70
44
61
34
28
17
124
240
268
60
132
39
114
111
39
215
20
165
23
210
7
29
10
99
196
86
132
18
59
75
236
130
32
46
32
200
99
23
322
235
28
85
71
33
70
312
20
118
62
109
3
178
170
54
225
176
48
103
82
133
125
277
239
85
83
112
5
26
14
122
42
211
136
10
127
138
84
4
145
35
269
97
1
48
102
194
130
304
26
261
134
14
70
80
188
126
41
79
130
198
21
27
130
47
21
43
67
21
72
22
237
76
206
85
178
136
132
96
40
216
108
161
11
19
185
212
120
119
126
17
69
52
6
116
68
28
218
126
138
35
91
263
285
19
56
54
168
10
19
69
33
223
171
99
221
34
9
107
7
11
139
177
176
108
94
90
103
193
10
235
79
140
107
90
86
43
96
49
17
96
144
229
125
112
84
23
26
47
67
88
215
156
113
23
68
209
173
174
58
54
90
17
6
319
73
193
103
123
284
75
4
76
29
156
107
41
195
11
286
28
194
93
2
71
168
51
159
100
233
13
21
21
201
5
3
230
30
226
232
190
7
300
107
70
186
27
256
67
85
48
32
122
128
169
36
14
117
25
145
112
110
112
137
139
101
106
166
247
177
107
10
22
63
20
40
181
84
67
40
133
139
6
151
86
67
91
198
56
24
227
208
66
59
103
58
19
12
50
137
150
76
81
96
264
30
18
120
75
33
230
34
52
80
124
20
141
90
8
171
108
36
112
68
125
1
47
123
11
19
43
106
249
272
78
180
11
70
37
56
128
71
63
47
60
132
160
64
133
85
221
81
16
193
23
274
195
10
55
264
90
129
68
168
212
42
81
188
35
40
70
55
148
206
61
114
50
9
197
107
157
121
94
316
231
79
25
100
127
40
222
47
104
181
22
155
71
1
49
9
28
194
280
204
257
112
145
212
94
208
46
159
53
8
42
101
48
94
124
31
295
13
237
98
164
45
72
226
283
20
85
65
5
210
182
15
48
84
110
245
194
86
41
247
26
43
73
151
117
228
60
150
9
92
200
113
230
104
81
50
51
179
228
16
23
141
23
2
19
100
133
61
78
260
83
105
1
194
41
149
22
234
8
50
94
32
82
53
81
83
157
114
43
14
11
247
105
81
155
41
248
237
231
55
347
205
45
49
21
108
78
40
44
14
158
25
216
17
216
190
149
241
152
214
101
125
255
5
133
305
7
47
110
54
66
97
305
101
111
117
128
177
187
73
104
248
62
11
312
112
218
199
92
1
17
119
179
112
138
15
17
20
63
200
19
121
77
62
29
62
141
90
33
6
151
41
14
211
15
28
3
90
247
16
27
14
42
47
26
86
17
35
230
200
46
88
95
108
78
40
109
182
83
149
239
38
115
7
138
48
34
248
251
8
143
82
73
5
206
10
126
60
108
85
1
59
8
84
21
56
6
275
70
42
209
76
71
250
36
174
197
91
55
135
39
65
194
3
83
211
146
55
4
5
114
63
45
64
205
110
95
195
247
11
172
27
210
23
133
92
120
200
92
64
6
280
126
41
140
30
58
32
176
137
15
66
229
31
39
8
103
31
38
52
110
150
38
114
48
31
99
154
18
61
80
109
70
58
30
128
15
203
205
209
52
30
99
6
243
218
4
96
66
6
165
251
157
43
35
35
76
10
181
70
97
25
162
153
39
44
61
70
4
51
165
132
24
87
51
29
41
2
216
72
79
118
232
150
264
236
19
43
120
258
160
306
40
80
94
7
234
190
125
34
112
31
35
95
39
229
13
11
23
129
102
272
140
29
19
187
101
19
110
177
17
65
92
81
271
223
43
44
83
8
165
145
118
278
78
21
171
147
215
11
26
17
131
36
134
182
61
93
106
30
139
26
84
174
203
11
123
52
26
149
37
30
41
64
257
276
126
124
261
156
3
73
23
91
206
283
83
257
175
121
81
153
226
17
57
1
90
107
83
217
60
208
3
41
247
98
174
46
86
106
163
225
32
51
182
7
31
6
239
58
243
145
144
89
243
63
46
10
216
43
29
131
173
209
22
36
88
294
1
43
23
176
30
238
90
23
16
14
92
107
62
40
114
113
90
23
55
191
91
124
58
115
126
137
106
46
166
201
16
55
66
350
48
13
28
171
37
30
102
66
25
233
51
63
195
48
96
193
75
101
41
46
103
134
156
64
44
22
33
14
300
134
6
133
231
27
203
270
31
248
40
58
128
43
128
213
34
90
140
2
69
179
111
184
176
77
113
149
37
51
43
222
323
145
123
100
13
109
144
282
26
43
229
8
295
173
171
192
119
267
32
109
157
110
246
100
102
188
6
104
183
181
46
51
85
67
236
232
63
7
137
124
186
61
167
99
51
35
218
3
121
28
47
245
63
38
200
53
270
186
276
62
51
3
232
165
77
39
43
46
116
63
70
256
34
11
73
116
90
147
26
160
367
29
52
47
65
21
246
132
38
106
10
115
113
305
86
40
1
14
310
34
132
17
48
235
23
160
1
83
23
124
208
112
29
33
24
3
2
42
105
275
252
180
28
114
131
90
42
124
251
90
59
70
83
44
173
17
275
70
18
100
148
98
55
131
48
219
77
71
34
113
143
66
108
43
126
70
28
127
79
73
26
163
128
29
85
170
171
106
279
10
36
244
144
214
59
71
151
43
245
1
221
37
84
96
76
40
122
74
88
26
225
130
64
153
196
37
45
60
30
170
27
230
118
145
252
29
119
72
32
36
60
172
1
119
15
97
147
115
188
255
175
166
7
152
293
99
118
83
166
3
156
67
36
54
161
38
181
107
84
272
63
24
4
50
59
92
125
242
20
172
52
11
231
158
103
272
131
92
117
194
137
9
18
217
116
31
17
186
157
142
65
184
134
134
48
110
177
29
50
169
126
74
23
10
73
178
41
52
17
57
76
46
40
58
74
245
116
80
138
112
44
32
11
118
83
248
22
99
24
54
102
27
181
183
206
207
115
147
55
18
37
167
61
225
113
70
175
110
180
143
230
95
9
175
23
94
68
36
92
138
35
115
278
132
120
7
30
157
261
8
53
80
29
119
45
183
17
83
189
117
161
95
184
104
3
51
39
180
160
122
19
82
113
104
194
147
75
216
231
65
182
72
257
81
70
161
306
288
116
6
168
25
105
166
177
249
4
121
149
208
62
61
195
123
91
15
134
148
76
8
84
253
55
231
62
75
137
108
153
59
77
179
82
98
56
4
1
123
122
206
43
22
1
47
14
216
59
56
121
72
64
69
70
52
11
239
106
41
166
139
11
10
125
44
49
250
180
36
97
109
10
67
5
25
201
158
78
125
145
117
10
50
203
46
80
96
44
60
124
26
5
43
47
169
149
88
241
210
196
210
121
91
168
1
235
41
211
8
154
280
234
72
79
348
102
102
32
152
208
185
75
293
48
94
289
135
105
233
70
36
229
118
75
331
124
30
150
11
219
4
20
91
277
112
76
178
15
86
6
214
174
13
183
299
149
160
155
24
118
46
35
22
178
91
87
230
188
20
114
226
170
61
46
111
278
172
200
37
143
56
136
293
81
3
26
39
95
28
55
67
53
1
28
71
195
157
38
218
259
148
270
178
170
10
115
27
258
24
87
129
154
14
229
83
114
96
140
102
209
57
92
95
135
94
12
84
64
39
87
219
105
6
211
139
40
80
79
200
74
38
201
256
2
148
35
115
136
25
3
176
78
77
167
38
163
157
7
61
76
329
129
59
18
173
195
140
181
10
116
7
23
53
79
155
91
80
278
199
145
43
124
135
61
242
366
9
144
46
73
279
33
26
129
139
182
70
125
117
171
16
100
16
127
4
1
236
225
27
24
211
63
257
7
108
7
181
56
55
28
55
46
40
85
108
219
31
189
20
165
9
87
40
241
95
96
21
70
1
45
6
80
87
1
94
42
31
73
21
12
182
57
165
101
185
66
110
47
98
43
66
129
114
86
110
12
65
114
7
144
233
105
117
85
65
32
55
151
167
241
137
48
142
209
98
53
95
7
122
100
86
199
78
151
6
267
56
74
1
53
49
130
120
223
63
26
208
19
130
35
230
122
66
6
10
195
98
20
71
113
9
189
23
191
204
123
73
179
86
129
17
221
15
84
87
129
183
55
311
135
22
83
170
45
133
28
138
91
61
176
7
8
140
145
13
89
68
206
36
72
113
229
78
35
46
54
17
81
182
184
120
47
65
20
237
179
133
184
74
173
179
79
62
73
24
218
229
189
250
235
24
213
81
218
26
6
24
169
132
38
256
217
151
69
161
11
221
41
56
30
98
191
158
39
255
207
19
163
148
274
54
216
79
219
194
13
198
32
194
14
18
18
197
70
53
245
176
19
25
15
49
108
150
3
65
237
121
197
104
245
57
50
97
13
78
79
166
22
48
180
87
160
51
91
240
3
42
189
95
70
67
63
26
189
196
279
257
109
102
66
176
181
1
132
124
101
57
135
67
10
160
153
82
55
102
299
98
352
16
71
7
210
84
40
199
42
201
129
135
42
133
203
200
99
65
21
44
232
27
132
84
32
7
87
61
125
22
141
51
34
99
66
84
29
228
161
19
161
36
63
127
46
248
212
301
48
115
40
40
50
101
200
125
86
247
10
73
22
277
68
82
202
100
173
24
73
165
104
95
36
23
135
127
183
52
264
40
50
67
37
66
126
23
30
177
142
249
56
90
269
20
69
77
24
131
18
107
16
104
66
160
223
129
42
19
34
85
170
77
82
219
27
112
16
101
60
75
100
132
38
279
24
8
117
215
39
134
98
61
176
38
155
253
6
139
174
50
19
139
66
17
159
30
234
113
133
126
60
70
99
46
98
216
71
74
149
128
19
115
3
4
43
169
16
88
21
141
23
5
94
219
197
208
148
189
178
79
68
137
13
95
81
4
185
40
186
79
211
111
134
35
149
170
141
80
137
83
7
18
158
5
86
112
50
81
217
194
15
28
116
40
47
147
22
144
37
14
18
46
143
78
181
198
50
128
72
38
182
146
128
52
155
129
138
62
309
21
226
89
217
157
243
115
78
235
253
90
90
46
55
140
118
131
115
65
30
129
73
53
199
62
20
34
55
197
58
113
149
112
23
193
138
93
70
125
207
279
38
64
128
202
4
102
12
43
55
57
53
77
90
64
30
141
114
26
212
116
78
51
91
28
144
9
54
49
143
198
274
39
63
259
73
246
156
229
119
260
111
6
202
250
89
8
104
180
175
185
189
48
135
58
124
125
143
152
4
25
62
147
69
114
15
20
114
128
81
136
202
238
115
50
28
22
104
22
187
201
71
9
33
17
29
11
11
53
194
38
27
70
73
222
83
146
106
191
83
24
25
113
25
111
133
2
7
38
29
321
178
70
49
155
30
25
32
94
71
142
49
28
14
14
22
50
66
44
255
72
37
145
107
84
101
52
147
73
60
142
113
45
30
102
57
47
12
99
38
141
41
195
98
160
53
58
172
30
59
158
89
4
57
114
88
220
185
17
59
162
85
57
41
38
66
97
40
27
91
293
63
58
9
267
131
169
156
6
285
253
28
8
193
201
86
65
145
25
126
34
145
66
158
17
6
35
37
22
31
223
91
141
199
122
154
208
30
137
248
165
180
23
17
128
188
242
238
55
36
241
105
13
4
235
41
73
20
275
54
27
4
240
125
31
38
44
34
100
178
96
94
81
123
83
131
78
57
262
71
61
146
228
55
38
159
64
141
158
182
4
76
27
166
119
109
135
51
258
28
120
60
22
98
259
193
136
8
77
75
141
37
73
129
53
254
64
37
51
34
21
127
167
95
10
83
87
8
76
156
21
11
79
209
112
248
195
52
315
57
71
21
102
127
229
229
164
156
75
12
17
206
19
228
26
8
68
54
248
70
106
61
21
11
212
151
125
171
64
273
78
62
223
288
25
99
231
28
176
116
71
28
97
119
152
81
40
5
12
49
155
11
77
104
261
16
81
199
220
210
153
238
32
35
84
102
52
35
116
79
37
125
95
97
173
14
112
30
136
34
29
122
230
188
69
243
1
96
179
66
94
85
208
68
224
9
177
51
225
11
66
11
227
31
201
98
85
82
216
1
72
67
43
179
15
101
95
125
162
25
77
36
155
35
155
67
107
60
70
31
6
115
134
20
323
25
50
73
149
152
101
44
134
160
301
282
5
22
192
143
164
313
117
198
1
214
63
33
43
162
274
183
101
244
17
261
148
192
181
95
121
48
68
31
65
41
159
225
1
1
17
6
128
18
178
8
96
144
90
53
67
95
80
106
51
58
186
13
30
115
148
34
44
57
213
185
125
40
139
157
99
162
106
84
56
185
29
195
202
65
56
174
166
37
146
159
150
195
37
54
133
125
57
156
88
175
214
137
198
207
247
146
57
214
119
73
244
29
88
38
140
190
67
106
74
43
164
46
132
167
152
58
164
130
10
9
107
126
137
61
85
98
5
31
205
75
131
165
59
21
145
71
87
30
122
71
116
51
33
4
128
28
146
87
71
9
24
140
30
39
81
243
173
8
93
74
93
98
90
202
155
211
143
15
13
107
100
3
153
69
129
7
139
33
196
116
61
17
9
6
27
57
71
37
13
165
2
197
39
136
143
233
139
33
113
10
63
262
24
99
179
154
4
256
5
140
27
12
85
17
84
191
150
167
141
97
43
212
158
17
90
84
168
229
128
68
78
45
36
48
96
196
207
122
53
56
227
191
75
43
106
129
34
30
69
234
159
115
221
242
119
72
1
184
1
153
33
16
81
47
5
49
80
82
71
37
107
160
9
149
42
166
49
143
189
101
51
5
3
51
10
20
197
164
80
237
171
76
213
145
43
321
77
58
250
212
11
89
35
236
22
130
104
74
47
147
184
237
42
135
137
176
36
91
17
66
153
63
174
172
207
201
192
47
153
189
1
181
197
9
35
40
132
11
44
58
96
160
18
178
175
158
34
209
20
2
15
5
49
148
80
82
111
23
3
168
26
346
123
