161
48
253
535
90
233
197
112
317
137
259
117
23
65
165
22
340
19
460
519
148
210
334
241
80
14
576
419
291
19
154
406
26
360
122
290
90
11
32
372
92
66
285
192
383
279
404
107
285
94
253
25
301
272
6
114
228
157
180
210
394
576
307
20
139
256
243
408
198
152
211
365
54
70
587
436
100
119
273
128
132
221
52
453
450
148
86
78
116
75
57
298
69
569
207
481
305
249
400
512
152
148
473
89
2
509
366
174
70
175
414
86
417
123
86
317
99
148
266
323
421
473
239
74
239
21
147
76
378
264
220
526
57
339
172
93
473
437
298
154
22
95
140
236
166
146
123
93
346
134
74
11
96
55
228
106
234
226
323
323
145
345
562
434
374
22
288
149
177
313
369
293
202
98
427
57
111
275
103
431
243
50
433
99
83
522
173
322
392
14
585
15
27
156
402
365
297
147
394
102
363
269
308
359
29
110
219
275
97
311
321
404
132
196
135
14
129
107
67
477
47
38
71
28
58
62
468
42
280
88
49
320
582
475
3
137
586
259
167
13
154
414
102
204
249
60
277
319
140
128
371
192
415
417
28
216
236
16
99
110
50
97
27
160
35
26
305
148
302
86
512
172
390
27
168
421
90
190
56
87
80
202
118
401
327
373
248
176
456
147
150
338
25
367
236
195
292
196
125
421
382
381
95
283
151
375
384
461
113
9
131
367
32
12
44
66
398
98
324
326
98
401
78
29
401
91
235
444
313
150
120
354
120
565
276
31
449
383
363
157
121
454
103
84
216
299
143
302
571
125
50
313
358
219
291
314
150
457
143
364
97
31
139
326
357
138
270
273
103
308
293
205
248
101
64
93
102
62
15
40
127
85
208
249
30
17
167
250
99
244
132
532
160
24
68
49
158
25
431
114
59
62
264
298
79
83
153
202
29
114
101
469
268
599
361
381
66
63
120
289
55
16
498
221
291
399
92
245
164
33
270
9
188
339
8
92
20
184
272
411
166
247
18
95
637
251
285
135
29
73
122
203
33
545
187
526
146
480
65
120
525
60
375
567
187
214
292
230
63
330
174
2
274
52
421
528
110
364
456
150
146
256
128
141
219
313
258
16
44
34
325
36
100
9
325
52
457
35
144
106
156
146
284
293
149
97
315
238
3
493
234
313
55
114
246
148
99
185
343
170
269
62
88
70
293
687
303
298
39
26
305
270
238
508
359
398
1
170
204
462
65
394
36
33
141
248
112
161
14
243
250
153
113
281
142
38
234
183
500
92
271
157
97
72
83
203
18
328
411
45
249
338
531
346
89
182
52
30
348
138
8
82
211
35
34
112
539
103
153
376
245
85
192
96
489
393
45
418
416
372
76
386
301
537
168
49
66
191
11
433
85
126
104
45
504
27
398
346
331
203
231
20
322
187
474
84
515
237
120
112
38
316
135
453
24
72
94
271
273
549
497
219
104
67
146
17
456
250
574
161
120
107
6
269
450
574
7
41
438
365
142
40
208
85
527
259
337
302
489
575
70
546
333
273
92
197
26
318
338
78
405
310
281
113
369
528
163
718
329
42
564
394
311
18
140
12
477
51
117
43
211
35
47
309
452
279
140
142
60
52
215
365
100
388
435
156
8
200
495
71
261
236
199
251
239
135
5
392
520
101
14
252
104
143
188
439
190
149
43
266
265
8
16
24
295
335
392
429
25
73
343
213
303
323
61
322
124
548
68
241
132
218
8
111
205
188
322
124
323
63
203
21
62
227
385
305
241
81
108
389
22
439
224
412
391
319
198
271
29
88
433
498
201
224
150
78
128
366
151
67
12
95
299
320
214
233
210
66
139
234
471
10
492
109
109
42
17
237
347
382
14
269
144
283
192
142
62
192
352
329
59
356
73
408
376
42
208
158
10
221
503
264
315
269
366
254
343
586
109
71
32
378
81
46
116
534
67
39
235
150
307
154
136
208
268
31
159
113
238
482
220
23
336
336
69
90
113
34
345
77
127
124
89
187
135
43
200
192
36
81
258
288
473
445
214
415
322
589
151
47
216
349
216
286
357
257
248
10
364
298
149
400
62
195
139
152
15
91
464
632
359
462
483
586
328
385
220
45
46
87
100
176
3
410
340
68
79
520
133
313
276
15
272
58
379
270
9
43
163
5
49
33
152
489
290
358
25
200
521
344
253
92
499
43
286
376
483
29
518
144
422
506
70
399
8
283
84
35
202
107
213
181
9
100
181
160
711
116
155
274
26
411
66
52
204
119
32
341
28
31
100
287
196
34
185
86
214
437
4
232
158
78
163
256
152
376
463
167
625
145
84
269
170
270
447
386
143
309
36
260
62
47
238
140
91
77
246
580
544
59
436
370
457
1
70
94
373
136
68
20
129
372
349
177
120
80
204
11
232
109
80
155
97
205
7
27
84
160
287
316
72
90
165
6
269
287
86
59
171
383
187
84
351
6
150
266
249
513
245
366
235
252
405
148
108
196
293
143
294
453
95
471
371
53
155
506
279
74
279
47
226
277
101
462
270
11
218
46
170
72
245
177
388
63
317
252
296
148
73
42
43
391
296
77
137
97
131
3
328
46
82
109
120
61
224
8
31
186
200
192
178
80
268
88
482
36
54
216
478
436
377
167
191
362
185
184
60
460
93
329
38
227
226
179
46
259
90
59
80
95
419
284
400
155
381
82
70
321
195
69
112
364
156
38
231
401
430
141
516
404
242
217
194
275
82
205
61
148
198
346
18
18
122
157
192
270
639
367
199
163
222
191
82
340
110
258
191
244
81
118
269
299
316
175
37
128
233
39
147
341
567
255
284
144
378
385
111
86
249
347
94
139
198
120
32
24
123
78
81
556
370
100
266
27
399
267
158
53
250
169
270
443
179
345
70
74
14
270
43
23
128
221
105
58
184
445
442
308
112
171
431
161
227
217
88
521
460
177
11
226
219
152
87
58
438
309
466
58
458
162
153
107
285
261
195
66
219
280
175
187
155
16
329
118
317
227
169
337
540
118
59
103
625
199
184
458
67
67
101
101
98
184
102
74
92
283
147
204
383
184
41
56
26
255
199
412
49
477
165
434
169
262
14
158
192
323
314
476
86
14
69
229
284
172
83
279
81
259
182
93
56
23
55
11
555
386
60
444
95
22
78
101
17
61
324
233
43
243
452
295
190
426
195
554
568
229
78
180
173
335
346
232
56
19
165
305
281
149
306
64
465
94
86
410
142
116
21
117
224
86
145
108
53
342
168
428
64
30
26
150
329
169
553
216
146
7
173
388
59
591
170
7
119
147
189
17
137
34
71
176
283
32
185
287
28
375
60
40
216
173
161
96
407
351
227
429
58
90
326
257
109
188
297
146
250
165
524
54
163
126
146
380
661
85
74
198
161
290
205
380
66
217
245
586
182
40
360
250
261
250
184
178
410
16
468
40
511
209
33
126
115
154
31
79
199
368
463
153
327
366
172
183
154
180
583
162
91
77
124
500
2
204
225
84
322
95
140
300
134
482
187
132
297
313
52
240
434
434
127
246
488
231
42
189
422
246
509
29
106
105
94
262
210
373
253
596
226
345
188
71
54
226
290
89
412
324
244
207
126
282
30
45
475
283
203
309
390
167
444
209
111
244
368
432
71
353
333
548
407
109
97
185
271
192
392
101
75
14
393
125
443
84
158
20
499
266
140
332
148
73
43
11
289
62
396
195
327
462
426
210
383
123
217
26
109
515
259
66
190
7
582
237
157
41
117
6
553
155
24
162
156
138
152
210
272
119
18
79
357
214
447
77
200
285
491
262
141
359
203
54
248
154
151
69
206
479
143
296
14
205
235
5
469
140
45
334
134
268
89
102
237
216
136
5
193
70
63
259
60
415
34
39
246
206
51
164
132
41
144
67
284
73
96
99
8
145
411
334
11
267
192
380
68
193
342
439
334
185
51
412
48
196
207
93
235
368
434
221
125
248
521
536
448
33
218
167
640
290
165
294
319
421
220
410
71
181
259
175
28
82
403
211
133
428
164
424
62
53
237
217
99
42
504
402
133
314
130
149
231
479
85
388
254
33
213
535
207
66
316
385
503
448
248
284
46
132
301
109
540
65
218
242
37
48
246
102
175
307
532
37
19
6
605
174
354
18
95
92
418
118
19
7
118
387
31
484
40
86
472
329
143
92
174
187
142
9
15
307
360
21
101
80
167
64
423
75
276
101
122
401
52
23
392
306
364
118
124
253
540
276
147
130
368
415
156
133
253
109
93
79
320
42
267
473
103
226
291
339
502
150
600
465
134
163
88
241
311
286
172
138
210
121
34
197
332
130
25
201
371
290
447
559
436
37
152
129
153
21
26
64
305
89
342
58
31
394
449
364
482
386
219
59
54
321
72
192
388
429
49
422
266
288
68
207
285
512
133
9
317
6
184
21
201
589
278
104
401
251
337
7
192
252
239
244
416
513
268
344
40
508
264
274
135
107
85
502
256
442
100
248
346
65
379
152
344
381
265
121
129
270
171
538
306
49
48
381
529
337
451
131
311
309
191
312
450
297
1
6
16
177
126
219
26
462
192
78
167
491
176
98
249
442
31
180
76
240
79
82
35
509
4
389
355
154
294
115
39
50
90
311
185
303
310
393
172
357
119
25
13
618
316
342
25
96
461
368
523
575
203
286
225
251
146
50
65
269
21
204
225
176
107
220
61
295
158
56
297
137
139
235
105
234
455
399
110
163
88
223
50
80
60
145
44
243
84
228
107
124
232
252
181
49
41
41
112
294
170
522
293
440
353
21
39
130
304
34
565
147
25
448
213
15
140
300
128
33
365
271
108
291
184
321
379
51
399
72
302
14
51
38
23
190
237
258
171
123
582
138
243
71
97
258
455
259
232
71
182
600
202
19
61
474
405
175
54
7
130
305
143
23
320
395
228
47
25
467
47
223
236
330
254
232
238
144
468
126
450
268
205
535
192
312
496
187
105
174
136
96
352
55
402
353
136
164
383
110
269
295
101
125
82
469
66
280
466
296
273
239
395
268
152
156
373
124
96
147
124
345
42
8
276
346
459
170
163
11
167
357
151
180
359
101
225
58
277
483
38
230
591
160
123
117
183
525
89
228
154
658
277
117
5
45
239
499
149
44
154
481
4
11
150
146
391
379
72
501
378
88
282
11
63
29
148
348
133
81
118
3
16
267
226
175
93
402
385
127
512
332
2
9
19
187
190
194
209
131
94
395
65
212
3
495
149
353
91
31
36
393
455
317
140
140
9
138
175
212
161
56
535
416
81
41
81
70
55
197
248
221
395
42
571
198
51
301
75
103
428
530
84
20
268
89
51
397
396
221
234
200
162
388
105
265
533
270
407
228
252
66
13
410
589
457
393
99
226
84
82
12
200
364
223
96
180
202
216
358
132
234
532
12
68
153
315
322
104
214
223
388
172
261
98
1
76
169
88
104
102
13
20
14
88
163
4
106
113
270
236
565
227
60
278
352
70
433
74
37
53
130
302
59
226
396
138
99
336
158
17
325
316
280
101
437
280
273
142
223
82
216
52
205
157
371
213
225
12
72
319
84
113
128
58
118
122
149
623
41
151
361
260
195
123
440
41
170
104
237
159
150
93
90
481
89
322
462
232
440
180
506
84
166
404
158
302
454
355
318
129
349
56
330
111
156
61
329
144
10
162
132
5
76
537
299
204
101
107
309
374
198
363
25
85
321
154
17
27
314
401
231
207
79
238
36
9
120
599
92
193
302
451
36
96
103
413
124
212
183
56
161
269
67
6
468
478
136
152
285
149
194
240
66
59
314
3
226
15
397
44
167
323
399
637
191
602
464
118
258
197
209
393
461
329
69
115
59
40
7
473
241
201
507
324
2
297
120
22
193
78
33
265
41
225
197
151
218
135
468
274
173
432
338
327
475
206
153
456
40
8
527
163
113
52
23
302
171
50
207
246
512
293
202
557
25
122
298
303
476
186
182
200
129
261
265
69
69
275
231
351
340
133
52
397
412
77
86
519
125
287
427
53
328
151
131
23
309
118
285
249
153
30
71
166
175
94
61
302
298
53
156
238
9
584
303
52
6
218
19
64
82
467
69
65
197
415
192
195
381
512
432
448
457
766
392
187
227
85
269
32
326
668
119
391
110
327
487
140
81
41
4
214
140
123
383
98
311
252
552
473
155
395
47
10
333
275
332
301
177
60
205
131
5
453
481
462
99
272
58
229
154
522
364
378
424
295
275
77
536
8
384
206
8
83
150
734
17
169
505
105
104
373
277
49
386
345
134
64
570
140
327
134
126
170
3
195
8
3
156
62
368
152
222
116
245
356
243
295
49
169
143
406
142
506
11
210
72
69
46
526
53
388
357
99
160
307
183
76
203
156
194
20
141
73
163
484
28
119
304
97
160
227
155
115
214
122
225
103
596
58
405
335
196
428
3
80
145
6
89
544
104
460
18
255
311
241
411
297
450
341
167
55
96
66
448
114
251
194
335
389
93
218
304
176
210
17
111
216
25
170
224
89
295
521
128
297
494
338
166
531
197
282
334
321
272
382
55
26
95
54
84
181
359
132
445
385
133
345
107
88
337
127
36
332
40
81
557
143
144
117
126
71
252
20
85
447
322
150
468
242
134
84
489
256
196
347
547
255
53
76
218
45
149
29
112
97
87
467
211
234
155
144
107
79
378
190
103
267
239
333
502
409
539
184
45
267
67
186
80
150
19
400
218
263
340
503
106
33
391
105
9
105
223
56
156
252
76
163
258
389
44
266
20
13
422
192
249
191
220
155
105
161
285
5
325
271
247
214
164
90
503
114
252
53
191
440
365
409
127
202
354
285
312
437
135
56
59
82
412
160
118
210
26
525
71
147
499
230
165
277
140
340
409
554
6
406
126
135
161
55
160
173
112
352
575
54
134
257
82
334
204
539
327
411
27
21
30
414
288
328
282
46
322
156
534
74
3
128
142
222
341
32
223
146
106
41
213
367
22
89
406
230
26
510
140
132
105
229
203
211
84
412
252
279
259
246
184
147
90
383
9
159
107
100
399
531
8
171
382
98
492
317
172
314
395
425
352
192
239
6
46
121
184
40
74
143
43
136
219
163
28
307
135
372
219
151
60
129
66
405
158
42
23
453
135
252
126
294
473
510
42
489
408
523
89
170
134
26
152
107
1
138
67
474
297
172
388
3
73
292
330
639
246
110
408
108
433
208
155
203
472
355
478
10
58
318
604
396
101
106
73
132
188
390
7
265
91
504
289
389
146
131
206
477
304
130
139
293
115
77
75
30
46
112
84
51
59
49
174
426
157
355
84
356
278
283
195
409
57
511
144
77
243
315
181
71
419
373
77
350
137
147
136
437
299
108
393
178
127
40
243
242
40
502
432
178
144
167
20
86
240
21
147
426
307
389
550
8
300
494
313
74
247
215
51
252
171
193
206
371
142
102
192
421
157
181
284
312
482
233
286
137
126
52
102
503
311
255
71
38
328
340
98
158
59
226
420
92
261
38
165
59
364
161
72
322
111
72
60
287
53
315
115
290
101
26
103
70
60
291
43
221
163
73
111
181
451
428
37
504
93
186
261
389
431
20
16
373
642
546
246
357
425
423
114
270
299
423
560
48
530
137
276
102
194
68
92
94
216
74
263
423
156
398
90
259
588
47
154
527
356
276
92
244
273
285
79
283
179
316
111
100
389
43
214
133
56
373
25
205
133
305
385
228
146
324
220
259
325
524
27
417
321
172
534
284
493
161
265
95
419
209
221
694
219
235
186
113
56
57
78
19
196
297
330
39
427
311
342
318
7
46
338
279
61
48
194
520
226
118
29
310
236
29
86
106
60
261
414
135
110
222
70
465
71
58
150
67
338
271
144
328
251
15
14
282
389
63
265
24
284
54
529
58
109
221
300
385
80
204
96
313
570
208
192
318
29
119
31
70
320
313
414
188
242
235
291
485
423
130
325
138
416
135
242
154
284
296
281
95
212
193
250
428
29
98
28
171
330
229
573
43
16
80
229
190
488
89
239
53
27
301
18
23
395
193
216
297
105
225
422
489
165
490
563
464
337
409
276
302
114
102
241
494
318
92
469
198
576
28
113
518
80
73
46
438
171
178
437
431
88
237
316
158
192
100
175
32
80
296
124
349
547
35
446
391
123
34
216
211
275
235
40
304
162
37
354
158
3
236
375
77
89
73
165
145
531
188
12
296
281
187
134
128
130
61
418
59
161
194
31
459
342
12
112
31
460
107
380
308
282
189
284
296
28
446
29
54
13
379
37
142
223
178
264
73
321
202
6
14
36
137
91
126
71
506
248
8
12
231
179
170
71
232
343
53
26
186
359
310
185
177
125
483
29
263
89
276
260
87
99
408
335
225
396
9
434
332
178
222
269
220
422
200
103
88
433
15
187
268
382
415
461
12
441
85
153
147
54
206
154
138
30
77
195
105
269
199
44
415
324
211
249
182
301
37
385
34
28
152
341
561
224
194
271
434
223
192
635
199
43
472
56
4
272
20
8
2
53
346
199
280
54
423
10
152
55
45
486
102
27
62
129
182
368
102
492
298
108
676
287
172
27
30
452
256
331
20
398
230
75
214
155
561
252
290
224
87
376
249
262
423
438
228
507
4
62
178
97
222
190
287
126
175
67
105
223
370
377
288
267
199
229
14
310
85
204
323
222
176
75
221
421
173
44
51
268
72
231
298
132
103
215
409
288
220
88
1
84
433
134
526
111
545
193
55
183
322
352
21
351
71
231
111
213
289
346
122
88
407
166
142
400
225
387
231
70
133
373
32
26
316
59
659
376
262
280
35
344
179
32
69
32
49
313
242
183
106
721
131
124
99
93
96
233
90
177
435
266
77
82
43
140
429
391
308
219
211
326
507
50
58
86
69
471
172
70
118
27
178
382
172
115
393
228
218
339
300
554
400
174
186
171
35
488
16
38
312
231
155
308
21
398
98
68
73
91
43
162
66
233
5
28
436
277
219
470
403
348
211
244
74
170
33
297
188
408
58
148
37
21
204
98
35
11
76
41
189
96
14
114
75
195
277
332
298
130
240
110
188
185
144
229
251
96
324
128
170
26
304
284
58
197
247
74
93
341
295
103
98
189
480
526
150
467
579
136
133
117
130
98
99
15
294
265
246
170
198
171
240
68
533
17
131
246
81
124
112
69
420
233
89
201
445
180
176
216
189
99
182
413
302
49
4
480
112
224
113
125
145
42
66
39
265
407
29
3
129
38
67
54
211
455
231
379
270
110
663
322
156
99
68
202
305
194
82
258
82
769
437
152
10
322
403
181
483
18
248
384
236
171
176
186
140
16
558
216
204
97
530
84
368
75
273
50
128
244
188
319
336
62
51
39
470
195
231
300
186
158
199
29
146
323
56
62
64
14
40
203
296
21
150
408
218
33
157
58
467
393
205
414
31
103
20
224
298
88
207
237
165
244
203
551
317
18
302
327
311
442
501
149
147
85
338
349
335
114
38
482
95
389
248
355
140
215
264
107
163
299
294
79
164
601
76
165
245
24
305
115
520
64
124
332
77
219
66
419
301
418
106
11
478
53
147
78
1
12
306
136
443
226
156
222
290
312
232
156
292
54
35
1
295
66
291
161
110
339
75
239
193
175
127
411
461
3
100
392
86
365
456
7
19
68
144
44
370
206
231
349
94
415
221
160
172
15
4
262
55
1
57
182
101
108
181
376
177
8
154
36
430
285
547
377
471
121
135
73
381
23
289
197
325
359
125
227
48
7
179
283
89
192
33
104
57
480
16
43
209
176
545
129
250
61
447
266
201
182
370
258
233
439
77
135
96
329
73
260
416
184
354
109
325
129
224
94
229
62
206
125
125
89
162
266
108
283
254
448
385
256
158
84
18
259
52
207
378
316
13
139
101
337
311
76
153
244
189
222
300
247
96
176
367
327
209
69
32
383
105
242
317
292
330
514
48
38
466
34
408
104
228
134
56
50
103
269
395
86
76
24
241
78
340
148
174
40
110
218
28
211
299
428
267
121
212
132
108
27
168
123
364
158
160
490
128
376
256
236
414
170
345
288
379
26
456
257
254
174
33
249
370
132
11
497
342
367
240
470
181
3
20
244
147
291
6
16
376
36
45
154
412
438
253
41
320
533
260
422
31
164
168
162
7
41
62
171
452
249
258
155
284
141
633
262
239
322
122
493
315
141
72
416
52
190
567
95
102
200
464
207
332
104
221
601
473
332
353
157
353
348
85
351
415
390
329
214
197
45
377
6
34
256
327
308
346
502
84
205
130
360
195
455
102
179
311
240
215
161
438
383
113
104
24
218
145
200
124
110
377
231
26
487
101
97
180
64
299
100
298
180
509
518
153
191
378
45
79
318
94
313
589
9
195
252
435
549
52
295
146
497
290
178
130
24
273
323
226
466
267
65
305
222
104
67
127
113
28
96
115
594
312
444
204
334
121
5
56
218
13
58
220
10
328
332
270
196
11
87
378
572
403
309
158
130
17
485
227
335
72
4
22
137
271
123
158
467
48
117
191
523
37
56
251
232
192
464
304
45
83
199
57
308
121
54
409
91
584
395
196
235
141
352
257
17
344
133
487
69
60
93
172
182
456
218
7
190
21
38
11
396
285
215
264
562
7
31
25
366
74
265
462
191
456
287
328
146
55
5
310
474
357
94
32
15
91
248
396
224
179
209
69
149
461
250
169
158
43
47
355
132
169
368
489
454
65
71
164
379
140
30
83
134
209
58
513
365
388
40
312
91
41
146
241
214
514
46
40
197
266
31
420
253
269
99
299
542
504
182
493
53
448
132
308
585
113
320
324
39
137
373
490
365
365
84
94
111
22
252
211
8
251
100
127
495
349
291
1
277
164
139
324
262
387
381
39
106
83
195
16
351
386
16
13
124
25
161
354
400
112
28
539
205
106
246
168
211
19
3
454
221
261
41
108
322
120
26
475
158
370
423
136
400
116
64
52
140
26
485
314
27
14
396
52
9
362
411
346
161
105
10
312
73
175
238
217
27
339
55
577
155
390
115
337
519
168
214
379
266
25
269
92
150
213
350
9
206
82
357
112
34
57
393
135
157
212
94
24
40
468
379
118
217
172
235
316
54
72
443
378
211
153
154
252
34
158
47
106
240
121
582
359
383
122
132
198
29
133
118
119
125
251
175
74
122
395
315
663
305
42
114
128
433
169
266
8
460
188
2
314
81
31
77
196
572
123
547
478
78
90
408
36
220
160
294
146
8
387
164
233
161
28
283
110
62
155
103
76
450
272
73
369
89
64
24
187
26
394
40
111
42
47
221
397
130
497
262
267
5
415
95
495
389
288
62
471
31
413
235
151
120
132
251
80
381
225
284
274
118
472
191
9
420
252
144
179
477
89
12
40
78
90
205
34
47
278
49
251
549
50
87
36
50
172
292
60
220
419
126
266
178
224
250
326
436
164
79
437
303
34
48
59
47
23
149
325
453
41
341
280
27
455
76
283
220
37
41
432
89
80
261
357
45
498
237
59
150
509
236
560
352
368
613
198
29
254
544
173
275
21
118
506
73
451
685
22
123
247
87
25
242
344
309
388
303
466
150
273
383
137
287
434
89
75
389
190
372
297
341
89
10
388
349
193
200
12
583
260
67
113
224
129
206
251
478
206
137
567
315
161
475
300
284
43
247
201
198
143
116
308
172
394
249
236
83
389
170
18
257
27
219
81
70
364
163
535
64
202
26
415
203
89
241
21
204
345
106
350
150
72
313
377
84
214
203
68
324
391
386
294
183
519
250
2
58
62
48
255
144
591
4
188
86
51
33
235
46
217
143
126
16
223
69
11
210
265
287
66
95
76
69
276
528
421
137
20
514
15
405
263
112
440
349
35
203
435
156
441
74
175
84
48
467
313
347
169
131
388
63
21
57
227
399
355
117
26
10
197
216
11
3
116
38
11
310
47
345
25
48
359
207
115
23
296
301
555
160
200
217
493
204
143
209
133
580
84
273
437
164
228
128
40
73
99
183
122
51
400
182
590
273
54
133
132
135
307
466
447
259
87
382
1
496
279
155
1
155
245
193
205
300
85
431
263
180
345
440
198
99
220
231
163
237
20
248
15
49
108
126
227
491
218
75
449
261
222
137
132
122
250
206
132
125
138
59
270
242
398
251
87
24
121
416
310
13
406
10
49
172
338
92
157
421
323
350
200
36
271
233
14
224
342
51
252
54
419
192
332
53
466
310
16
212
548
146
281
15
106
18
302
155
7
448
256
74
319
203
469
229
518
21
198
44
423
577
82
284
87
146
46
236
454
3
250
106
295
5
74
154
95
32
271
106
63
541
299
248
107
260
49
366
349
256
344
368
66
98
17
244
393
592
346
311
308
49
188
117
12
315
18
250
319
393
658
97
34
178
197
78
50
169
328
355
291
584
368
139
365
270
404
122
398
500
84
99
161
193
409
84
111
255
68
83
246
457
230
299
310
256
302
328
179
183
300
155
478
211
64
432
462
232
84
414
36
113
341
369
6
219
338
315
382
498
290
366
105
477
341
445
146
101
249
64
143
89
71
437
188
18
137
140
417
201
116
105
435
190
102
414
151
190
129
358
305
194
376
10
85
113
286
440
266
26
258
17
170
90
444
356
368
208
5
262
334
197
179
350
92
450
309
91
372
422
56
184
368
622
31
342
314
294
137
151
173
440
76
235
321
200
131
135
472
125
243
520
248
290
91
477
137
67
148
242
97
313
81
203
297
153
288
20
372
334
207
214
206
532
54
90
325
141
252
155
175
60
192
52
161
161
256
258
95
30
57
326
116
275
543
54
216
397
1
535
144
153
309
233
499
76
38
135
453
24
251
9
206
254
182
577
105
8
36
388
15
281
278
347
156
49
490
140
409
448
69
24
432
56
554
290
120
12
1
174
45
188
193
5
84
59
218
135
86
335
100
70
127
380
186
420
59
206
324
76
8
18
30
322
238
141
29
47
298
198
441
348
200
74
135
53
18
22
443
408
519
144
556
87
22
145
58
4
29
280
577
388
482
46
16
39
202
362
90
288
433
51
176
66
443
48
301
255
59
184
485
185
52
31
211
177
25
283
101
125
422
77
124
4
521
336
16
169
171
250
104
166
165
61
239
221
87
128
287
63
134
564
377
458
25
327
164
243
89
202
351
253
336
72
54
167
90
129
228
512
161
344
259
29
111
337
198
33
236
498
577
300
131
460
385
357
174
275
178
303
116
26
105
6
313
182
355
264
456
67
246
2
138
482
106
6
139
254
30
75
345
202
91
195
187
283
399
169
180
275
72
396
82
131
157
489
158
127
40
197
222
178
25
199
169
227
470
162
199
44
10
337
392
64
101
309
233
170
358
109
35
244
102
114
557
134
293
147
50
116
343
392
40
334
71
225
53
43
435
48
412
578
23
50
87
384
345
77
496
57
116
130
171
308
63
475
102
89
147
109
179
220
20
105
46
562
245
308
190
102
222
322
467
386
78
323
66
202
521
18
312
155
89
107
193
34
39
64
164
97
198
390
94
15
11
203
76
91
319
197
48
113
282
330
223
50
548
121
57
196
141
345
91
548
44
504
112
69
175
417
127
266
153
322
53
110
4
31
293
247
287
63
124
41
251
152
623
245
272
299
57
205
414
29
109
63
227
198
251
241
322
436
92
296
169
360
640
199
161
90
288
453
281
304
231
41
312
72
227
195
165
136
324
163
16
429
214
343
450
307
145
214
277
660
107
92
236
442
278
305
128
220
83
139
550
325
6
34
124
409
78
6
214
128
336
238
42
106
110
78
137
419
69
55
154
183
464
13
400
346
245
15
111
90
16
71
249
112
166
379
6
63
325
412
334
480
168
316
65
294
98
393
298
337
358
72
61
303
234
25
21
62
494
7
324
90
70
1
442
332
58
120
377
36
320
30
275
199
227
15
179
169
148
75
61
164
54
132
213
374
247
386
388
582
44
37
144
198
500
379
3
479
98
336
132
39
373
291
252
228
189
135
330
445
369
431
273
222
27
307
457
148
286
193
150
56
413
95
232
247
276
506
197
165
252
161
108
34
157
466
457
7
179
97
26
103
67
185
587
195
277
57
109
256
376
277
355
4
71
350
55
346
331
33
83
12
98
274
268
50
248
4
422
240
14
222
395
616
321
328
370
343
9
211
305
163
75
380
104
49
109
95
436
81
73
404
277
225
177
112
5
313
175
66
224
317
316
15
23
198
30
163
298
300
397
223
525
174
13
49
266
461
621
101
519
335
456
48
81
452
438
131
397
433
235
113
31
452
310
103
56
18
48
84
514
577
340
32
87
344
13
41
156
241
18
238
149
163
61
478
227
454
257
320
33
247
611
275
249
22
288
126
42
449
406
307
23
106
40
199
83
85
697
434
104
237
94
47
411
438
392
388
586
46
359
292
57
511
15
490
194
121
383
442
81
372
332
549
91
1
254
193
278
247
90
149
347
417
40
502
83
121
301
9
115
171
4
198
450
145
456
492
14
251
181
51
196
147
303
66
102
23
65
77
134
89
203
104
340
10
59
169
147
56
498
318
201
409
84
12
166
223
327
108
141
110
185
325
371
334
215
254
104
174
22
211
86
151
15
379
324
48
131
481
191
382
14
154
227
537
34
368
137
317
14
130
51
116
196
260
9
282
658
523
525
358
93
65
382
460
369
62
398
45
293
11
103
26
18
187
256
401
215
166
462
224
55
305
447
22
392
6
436
160
40
155
270
132
140
74
28
153
190
415
88
168
177
26
5
508
105
126
17
62
391
54
336
233
392
33
92
535
273
81
82
372
35
93
408
93
85
288
240
27
163
98
39
182
419
367
64
153
17
391
125
48
343
66
415
224
314
434
213
195
203
190
510
401
430
278
232
55
563
549
295
101
522
63
1
218
253
77
190
3
389
305
197
234
345
6
407
85
200
8
286
526
47
17
142
370
74
572
193
397
537
252
23
348
192
150
267
93
400
26
285
90
23
311
137
198
158
179
157
174
143
248
217
106
253
104
360
69
85
52
22
334
18
98
530
199
5
555
51
56
45
40
35
402
239
515
58
121
251
184
357
440
169
265
297
453
337
348
259
293
269
82
209
195
314
347
130
26
141
98
22
372
174
691
288
38
171
100
117
46
198
69
435
485
145
461
327
552
6
333
168
227
45
290
139
140
61
139
43
133
18
491
220
110
66
4
166
317
187
350
37
661
163
247
240
116
430
10
329
97
281
426
99
460
546
495
25
180
608
32
48
26
333
20
106
559
108
239
202
166
193
63
35
165
495
16
495
33
37
474
212
462
104
236
132
50
272
58
49
321
156
58
189
421
266
132
62
33
106
488
110
164
346
312
155
607
54
244
200
205
120
30
243
87
93
230
67
260
259
37
384
116
5
88
235
187
101
47
147
129
15
379
150
103
125
33
118
209
47
75
57
61
342
69
506
344
254
29
92
532
232
105
534
313
236
390
358
79
70
161
485
227
68
72
201
31
166
476
312
277
100
45
563
169
108
126
270
500
56
60
292
199
19
33
301
144
22
314
350
173
426
278
209
134
70
32
31
91
56
6
227
547
214
160
428
165
70
553
5
18
166
344
65
5
236
11
182
21
293
370
194
504
586
33
351
332
427
80
192
371
345
80
17
272
158
143
200
86
309
298
439
36
71
411
356
462
178
321
61
155
365
42
13
224
72
514
407
58
212
127
217
285
303
26
141
406
180
116
152
36
624
12
291
42
178
202
141
153
185
489
127
176
287
170
105
541
256
55
159
299
578
559
24
542
568
342
155
38
216
229
169
404
186
107
360
155
420
536
148
114
116
12
290
249
629
311
11
21
2
318
174
386
190
334
556
5
103
290
378
151
236
208
126
132
25
156
72
59
171
367
363
199
234
15
44
7
415
429
327
272
287
252
347
89
7
260
1
65
217
322
171
211
169
170
284
187
283
138
12
256
46
389
282
113
42
107
486
70
305
22
571
83
214
443
105
157
268
51
182
140
44
196
457
362
273
69
107
374
142
82
38
52
31
137
200
265
426
81
443
408
244
224
230
495
79
159
695
303
597
139
73
215
135
478
44
480
95
192
255
183
49
190
348
374
240
93
340
26
219
285
422
313
108
23
424
192
54
86
308
267
112
181
233
97
219
14
54
527
308
397
366
331
176
421
128
28
370
90
32
279
270
58
205
38
284
208
235
431
77
141
95
255
246
202
24
214
187
315
204
43
203
84
69
245
272
353
139
160
156
302
90
248
175
3
24
28
207
102
291
87
264
156
199
36
314
358
80
16
326
71
305
36
474
74
399
159
52
328
241
50
364
484
348
246
148
24
316
329
23
461
138
25
298
50
361
433
151
530
343
253
475
341
29
63
11
302
292
38
168
90
73
285
217
387
115
202
347
100
241
289
444
528
227
9
34
104
274
703
310
280
483
144
38
46
326
50
140
135
180
122
340
74
102
372
129
222
109
366
190
356
247
180
87
225
67
31
415
112
69
40
123
4
11
218
630
78
377
294
213
160
128
422
407
250
189
451
90
115
161
158
310
200
412
29
40
39
133
11
334
378
396
48
18
179
279
4
244
215
359
396
242
166
140
75
380
385
370
142
187
219
430
122
313
138
471
398
150
398
84
170
123
183
313
37
238
346
100
452
91
188
44
549
45
336
200
308
242
496
231
140
120
52
193
88
15
391
90
72
239
114
79
80
108
187
40
215
447
617
470
148
181
529
271
567
161
561
219
103
439
332
58
400
112
236
486
29
235
153
560
616
340
329
344
300
193
183
144
275
104
129
30
311
448
361
66
180
103
322
106
141
103
64
122
40
483
501
21
117
162
464
381
407
122
119
33
150
489
258
492
474
460
427
259
381
385
204
120
244
509
334
612
421
144
186
134
389
334
282
302
291
270
238
228
13
292
179
592
211
168
318
239
137
104
282
227
56
6
118
60
34
171
197
170
224
146
355
370
251
26
50
156
281
155
94
81
123
183
411
244
530
90
358
211
446
191
244
248
256
3
28
385
96
11
14
209
46
205
167
7
56
9
136
381
314
57
130
374
64
1
27
525
487
238
90
159
219
383
265
398
68
162
216
33
210
260
279
92
542
96
122
309
188
250
244
24
13
462
180
205
177
284
111
181
26
39
103
427
371
147
54
286
62
53
515
88
75
511
105
479
13
80
155
574
39
170
439
443
26
268
69
334
11
558
216
221
421
463
275
373
15
250
4
556
28
3
403
249
10
192
93
10
57
95
353
113
366
158
349
5
345
168
524
11
160
287
216
62
247
66
503
155
212
312
94
23
150
187
141
229
63
147
609
444
217
238
209
266
118
196
143
172
295
288
292
316
233
56
60
51
39
148
53
432
567
9
340
242
364
109
300
102
515
152
291
304
602
383
187
34
511
450
473
50
489
367
343
412
333
48
203
194
235
17
311
677
368
447
72
136
445
66
141
203
458
434
434
106
94
197
340
103
183
53
333
188
15
304
99
416
316
56
457
157
131
327
70
591
41
238
69
234
545
125
172
420
204
507
64
381
24
146
188
152
372
52
43
386
257
216
242
151
94
110
39
206
311
40
540
253
35
21
261
389
160
38
174
276
347
457
137
204
614
427
391
134
339
391
316
525
47
53
138
149
251
326
548
329
97
54
391
48
536
118
293
424
421
178
287
92
23
151
387
460
71
445
105
220
446
276
243
135
58
136
324
9
348
370
349
51
359
119
33
207
75
48
129
222
253
86
234
263
162
166
363
290
141
289
210
361
190
34
165
373
326
308
281
69
210
351
544
207
415
167
184
200
385
345
124
512
106
136
110
136
113
56
165
40
65
343
111
147
197
222
460
332
216
81
40
271
213
89
230
46
320
278
254
85
255
75
500
431
207
284
25
67
425
323
166
454
327
288
170
79
98
52
94
423
285
123
17
489
124
158
327
188
139
436
175
67
82
213
237
277
159
109
371
271
15
216
92
291
381
270
105
261
723
26
157
128
299
409
8
110
111
258
444
110
60
73
52
6
177
7
249
349
284
117
276
28
106
502
204
140
275
497
179
451
245
51
189
320
323
65
101
32
367
324
90
333
463
108
398
13
299
442
68
435
450
281
203
187
301
170
226
373
133
124
185
244
45
67
499
159
500
33
66
23
360
194
50
46
157
551
238
142
273
50
137
71
179
90
47
60
233
513
60
26
327
317
396
166
142
237
17
588
146
124
96
96
75
138
80
81
359
116
81
14
125
166
156
54
101
79
203
545
580
201
307
316
56
32
73
36
346
262
102
155
45
85
309
133
7
293
32
464
370
78
17
331
235
470
334
477
348
230
6
380
145
280
159
26
326
39
214
63
384
253
161
358
85
132
141
142
337
131
458
124
69
157
131
82
75
524
42
127
100
347
345
32
2
182
308
210
528
51
171
143
288
234
505
609
316
448
301
321
84
134
35
54
83
27
203
39
501
113
506
118
481
319
127
109
37
97
518
117
281
260
17
31
33
120
139
315
251
192
190
65
8
31
343
31
23
25
238
339
322
133
153
95
256
384
44
354
122
524
379
135
88
111
265
169
161
115
253
41
88
53
150
383
43
302
389
151
224
109
22
9
179
204
290
149
56
279
193
238
211
497
202
140
184
24
287
333
134
164
82
564
108
131
256
196
480
192
249
510
488
317
316
395
168
71
293
392
82
475
46
255
158
246
91
319
48
385
381
182
101
192
13
66
16
41
189
95
582
23
3
483
102
56
79
225
45
222
176
103
245
15
93
444
271
349
8
344
206
149
339
229
577
20
210
7
174
132
399
171
27
187
59
43
149
49
498
176
32
236
25
509
75
278
21
380
535
442
121
95
196
3
119
72
9
132
226
203
78
217
61
186
43
164
280
186
457
562
93
314
221
402
585
172
311
164
122
47
116
361
350
279
289
188
233
284
239
423
66
210
481
518
96
233
79
170
277
197
530
214
118
421
559
272
363
346
324
265
189
149
283
254
348
181
96
97
275
64
405
32
212
248
7
116
356
251
35
113
137
184
69
109
477
63
158
430
152
421
487
14
329
261
444
419
226
147
151
168
110
191
618
60
217
296
51
137
85
43
95
10
394
78
450
335
82
185
134
44
191
136
235
202
91
570
56
362
435
29
257
293
118
332
483
504
212
80
322
282
413
301
71
183
285
185
109
78
96
237
133
124
385
53
69
21
12
130
322
5
268
68
363
217
176
165
34
237
178
20
276
242
306
66
285
263
356
26
427
84
169
67
166
240
22
224
117
365
253
445
208
270
295
411
188
285
248
26
272
379
49
425
139
414
184
269
48
111
166
60
59
73
271
345
64
161
468
267
72
665
460
5
334
223
169
164
102
46
31
25
288
312
217
26
276
205
197
110
150
165
433
28
234
30
389
57
138
244
319
388
230
374
322
43
340
253
148
68
28
239
31
161
140
31
70
88
104
305
31
149
198
505
169
356
20
161
123
430
14
136
294
270
60
37
253
349
285
341
51
207
284
472
173
284
41
485
411
189
72
194
35
578
652
144
229
18
196
248
112
400
39
108
335
325
174
5
11
477
84
166
242
409
250
143
167
245
58
92
3
15
286
228
169
146
86
498
40
499
143
366
440
41
123
265
321
522
279
394
237
384
186
317
526
111
196
335
116
55
16
470
177
83
556
54
109
207
133
426
87
569
161
239
23
94
439
339
342
460
93
51
311
335
131
46
11
372
213
360
234
349
439
312
350
188
187
123
348
117
82
151
383
279
68
148
261
420
103
260
337
356
359
13
376
45
24
221
20
268
192
355
126
54
22
153
23
117
92
77
566
57
448
110
492
328
305
209
352
166
363
188
69
272
485
47
205
334
14
99
276
453
363
467
287
303
107
11
522
32
385
188
168
134
174
79
85
20
53
230
347
84
193
310
309
118
405
251
193
220
376
211
379
95
348
47
129
25
128
117
193
184
316
469
173
125
128
68
487
384
219
125
55
94
212
195
494
386
296
89
332
347
316
148
130
149
217
132
4
77
183
417
1
35
14
136
50
431
380
72
406
21
542
75
286
282
158
201
110
339
23
146
354
544
206
90
175
153
43
179
11
223
486
408
21
149
178
391
237
370
37
449
166
205
88
13
90
29
133
97
70
259
41
349
244
44
2
410
176
174
434
324
248
141
26
326
226
59
21
121
345
554
277
141
84
99
67
108
319
309
204
340
233
244
185
495
139
607
71
57
408
7
205
2
499
37
466
271
277
397
375
119
171
49
109
68
308
180
116
350
93
326
357
123
431
40
76
222
115
564
81
234
116
287
293
37
398
276
324
406
11
59
69
77
664
309
273
321
414
390
441
35
48
74
95
147
118
177
51
162
103
131
298
126
175
286
22
64
4
57
387
420
124
260
35
116
9
245
5
73
78
40
373
47
579
181
352
22
285
59
150
220
143
527
59
112
237
146
244
18
301
24
416
99
79
355
89
232
276
59
154
232
49
32
267
198
56
254
253
31
12
99
44
483
340
137
276
225
110
239
327
412
225
80
370
19
249
266
529
320
19
142
3
147
36
149
166
166
125
81
98
106
402
304
639
271
55
57
246
373
549
243
311
366
245
288
248
183
198
393
87
120
174
204
192
373
583
219
207
20
406
11
113
233
27
244
366
182
231
346
250
35
339
33
28
527
72
294
43
201
398
175
409
239
138
38
64
231
409
283
99
65
171
310
246
278
11
203
414
42
49
431
86
102
99
42
146
498
86
221
238
194
330
14
133
35
100
34
176
71
59
393
106
172
117
38
21
398
368
38
263
399
7
506
199
417
109
236
223
274
12
429
298
140
271
226
62
64
132
59
143
332
75
538
282
99
208
18
76
156
228
521
86
284
197
32
207
258
492
195
232
150
342
160
222
88
305
211
219
295
420
250
118
147
162
39
345
4
11
290
289
539
16
450
80
73
398
283
9
138
79
13
175
317
16
272
60
353
43
435
263
70
355
41
56
366
447
626
233
225
210
50
142
55
100
45
266
92
186
250
307
171
167
61
289
475
390
200
236
370
60
335
501
154
35
510
253
219
504
437
175
564
190
368
422
1
279
46
463
167
16
91
217
118
208
34
226
396
110
102
92
14
272
289
488
172
214
45
198
476
77
23
244
34
223
2
72
473
11
397
224
97
207
202
358
557
33
199
61
147
2
99
284
32
87
392
21
415
289
401
80
55
327
374
6
454
333
412
292
317
6
567
414
142
282
164
333
325
54
64
40
89
63
297
30
248
317
558
96
222
139
73
115
165
167
351
137
550
136
194
70
583
345
532
85
36
324
103
167
96
122
94
209
304
137
36
254
76
409
76
386
31
162
18
147
389
268
253
198
46
313
45
408
456
56
104
181
301
347
28
33
137
230
9
394
86
334
431
411
262
99
181
450
295
147
432
188
313
347
24
93
73
66
316
269
367
83
111
138
46
209
226
351
439
464
294
565
286
104
73
117
140
247
55
122
39
428
9
45
90
9
415
56
445
107
257
466
112
18
87
253
161
202
233
38
323
398
63
369
454
197
3
157
13
26
256
130
52
455
483
260
117
90
218
455
380
251
47
485
392
66
6
430
430
89
113
238
389
159
95
75
1
249
87
234
29
97
297
117
5
333
147
137
167
93
124
429
347
324
491
161
91
165
236
315
216
301
473
270
47
342
273
642
94
150
202
180
61
300
563
402
270
142
520
241
169
40
271
35
121
45
358
362
211
90
60
426
168
130
35
160
178
259
264
92
540
294
118
1
311
395
148
270
117
46
114
1
89
227
30
152
159
259
73
376
59
166
168
369
487
232
316
244
113
390
118
300
157
221
275
95
43
296
3
127
270
431
134
150
32
45
452
284
130
242
146
107
242
162
5
446
8
351
105
445
192
187
643
314
449
530
18
126
229
174
28
164
11
306
2
289
451
498
355
185
24
626
44
125
615
276
146
47
277
41
1
92
273
8
518
421
35
178
42
227
31
119
98
289
7
133
577
286
143
136
141
105
618
260
114
382
197
31
228
7
101
40
308
110
14
211
227
407
527
12
397
568
25
43
108
305
207
74
657
292
512
377
224
90
174
233
210
218
104
532
235
159
275
360
242
12
317
287
118
12
108
315
159
238
126
264
320
51
191
290
512
43
335
132
437
134
466
102
309
398
46
43
17
290
445
34
4
408
318
125
213
25
111
58
637
245
553
9
444
318
231
29
11
204
69
244
362
165
85
536
77
296
222
177
122
185
213
182
82
296
146
233
46
182
93
142
483
197
235
62
422
363
420
609
33
231
229
168
324
389
28
214
284
178
51
20
51
110
29
267
264
106
268
311
44
465
504
292
300
184
425
533
278
433
111
124
412
54
51
80
293
428
230
4
139
82
188
115
328
194
592
407
70
172
334
355
235
353
449
69
56
245
5
394
120
396
17
300
202
189
61
217
541
100
310
10
579
210
244
355
268
210
101
149
536
227
298
228
263
74
114
251
404
72
73
51
177
164
24
162
46
101
74
108
327
16
599
133
68
212
167
31
244
583
187
75
13
575
138
325
14
232
61
490
341
97
417
472
31
15
202
108
28
281
130
203
451
151
147
296
553
21
464
442
359
174
62
250
278
363
393
208
519
268
147
102
398
417
185
448
105
142
