270.516
268.861
266.435
268.314
265.667
271.864
257.996
263.613
267.119
272.501
266.193
275.658
260.756
271.006
265.048
270.381
279.341
269.289
267.302
264.937
272.351
265.037
269.374
272.484
268.249
265.421
259.749
264.035
272.376
258.871
262.328
267.046
272.503
270.099
269.216
267.221
273.856
267.087
265.591
269.447
274.447
277.691
266.523
269.101
268.345
273.223
263.551
274.823
277.36
267.516
273.258
263.875
275.264
274.107
264.93
272.495
276.106
270.59
272.35
267.849
263.491
267.43
269.704
270.81
281.797
275.62
274.92
266.545
269.844
270.044
262.257
267.118
266.499
275.479
276.939
270.615
268.239
266.153
270.543
268.755
269.994
265.847
269.489
259.85
269.351
270.313
273.989
264.209
263.328
267.533
261.841
267.288
273.396
266.359
267.368
270.67
282.165
264.865
271.54
260.359
265.598
273.538
261.611
264.204
267.113
271.246
271.195
271.25
271.541
276.748
269.949
268.775
269.553
265.134
265.475
268.898
267.558
270.408
265.291
273.579
271.439
269.861
274.723
266.946
257.738
273.058
266.07
266.514
263.508
269.912
271.271
269.004
260.939
268.407
264.688
268.115
261.418
268.974
266.042
257.671
266.478
265.875
264.61
263.441
267.474
262.036
272.272
271.831
271.498
263.831
267.915
268.539
274.313
259.409
270.049
265.5
265.916
272.339
255.469
272.179
283.682
268.135
265.73
268.291
262.514
269.489
266.49
270.964
271.082
255.171
272.468
264.025
270.607
260.224
256.109
277.195
264.425
268.316
263.332
267.751
264.702
260.66
266.321
267.976
271.232
270.42
268.523
271.618
262.337
264.198
270.886
268.396
266.737
274.353
271.563
264.546
266.675
267.468
270.558
268.681
272.422
261.957
260.316
270.848
276.817
267.476
271.637
272.344
276.044
267.237
273.006
260.662
271.105
264.365
282.222
269.908
273.579
265.08
272.523
262.054
259.685
267.993
269.259
262.974
264.904
274.241
271.422
262.201
259.338
262.762
266.627
267.355
271.049
267.03
266.671
265.059
257.494
275.162
249.919
269.95
269.697
275.727
266.758
269.984
269.593
272.777
262.187
272.625
267.12
264.398
267.528
264.915
260.262
269.172
267.471
268.186
262.755
269.38
264.711
262.795
277.196
265.543
264.06
264.999
262.366
272.497
268.595
277.665
272.708
273.267
269.914
270.057
261.696
270.678
262.09
268.802
266.285
271.034
262.832
277.538
256.841
273.379
266.12
259.01
272.934
265.254
266.935
271.562
256.632
271.123
264.972
261.924
274.972
255.441
277.463
270.008
282.176
263.085
262.705
266.306
273.911
277.726
271.197
273.46
264.851
255.125
267.99
268.778
276.91
262.886
255.631
268.384
268.595
272.703
270.705
272.455
264.132
265.415
258.924
280.392
273.717
272.257
264.0
270.503
278.273
264.543
271.961
272.546
267.515
258.621
270.484
267.704
263.591
262.939
262.77
262.683
267.795
279.792
272.732
264.542
260.23
277.343
273.3
275.232
262.244
269.102
266.709
272.423
270.804
274.718
266.549
267.592
262.826
258.64
266.36
265.471
268.861
260.825
262.813
277.046
265.533
264.137
277.465
263.264
269.541
269.699
275.537
262.405
267.448
269.863
268.038
268.14
262.724
263.643
267.546
271.539
257.364
266.979
268.333
264.424
274.264
264.694
266.09
263.11
268.963
265.645
280.653
267.71
275.037
267.955
268.64
262.631
273.064
273.747
274.435
271.293
263.092
267.699
271.465
267.619
264.956
261.953
273.261
265.165
263.799
254.339
271.994
265.258
260.945
267.115
266.963
265.567
270.094
278.728
265.175
263.147
272.744
261.683
263.302
270.557
263.981
266.058
255.949
277.294
268.612
267.421
270.691
274.23
263.568
275.141
269.406
259.319
269.607
269.944
268.729
272.512
277.362
265.059
254.961
269.598
268.615
269.339
267.831
261.432
268.586
264.357
273.631
268.662
269.718
269.073
269.315
267.375
263.458
274.106
268.047
260.827
271.015
254.214
267.038
266.274
273.428
257.738
271.082
261.184
258.837
276.809
275.669
274.663
280.164
253.336
264.392
263.458
268.954
263.732
261.751
277.269
256.012
263.848
266.954
260.078
261.981
272.536
268.102
255.613
258.543
260.213
272.421
266.519
269.781
271.491
263.519
259.452
263.685
264.284
264.309
267.129
266.129
268.717
263.808
271.876
278.959
263.517
273.779
259.079
271.282
268.514
266.48
281.689
277.921
275.488
270.878
274.727
259.949
256.445
258.718
277.166
286.365
269.436
263.618
271.328
271.328
269.808
267.814
267.195
277.023
274.238
266.824
270.813
280.304
268.633
268.669
265.075
279.615
265.832
263.153
270.551
276.186
274.948
274.123
272.261
269.419
270.901
267.95
271.751
262.476
266.499
267.023
269.243
272.444
262.31
273.088
264.058
261.158
273.606
258.677
276.14
273.06
270.121
260.107
266.412
262.736
278.848
274.427
265.706
269.907
274.018
270.47
268.955
259.746
268.784
275.706
279.857
262.359
269.635
274.18
273.762
258.363
269.029
268.479
266.713
265.33
265.461
265.766
268.709
267.119
261.107
261.713
263.993
271.555
266.611
262.385
259.61
256.514
271.905
271.109
263.312
259.348
258.05
274.359
266.153
261.928
266.011
265.057
263.36
272.342
269.365
267.911
260.236
263.896
272.647
269.642
266.876
266.663
267.43
273.394
271.359
264.136
272.434
273.634
269.063
267.265
265.425
263.947
268.483
256.923
277.531
264.378
276.01
261.206
267.816
268.475
275.678
263.549
265.242
275.749
270.305
262.686
273.392
267.983
263.339
259.769
271.48
265.696
262.205
270.307
275.572
264.696
274.776
266.326
270.507
274.428
264.824
271.686
268.771
266.647
269.156
265.355
275.064
261.322
269.49
265.071
259.525
268.252
265.68
266.425
259.502
271.193
270.137
264.249
268.764
262.292
274.999
279.006
267.55
259.503
262.193
263.94
260.569
267.913
256.899
267.522
265.515
274.451
268.681
275.038
269.5
274.169
268.244
268.996
271.858
264.684
264.992
275.541
277.096
269.709
266.011
272.716
273.168
267.212
272.844
269.806
264.362
267.597
264.396
265.625
264.454
271.075
268.111
269.467
274.431
275.57
266.037
271.786
261.893
269.537
261.807
269.668
263.499
270.917
265.292
271.582
272.086
267.756
266.615
265.973
268.995
263.026
257.555
259.936
273.965
274.41
268.338
261.797
269.215
271.563
281.848
272.032
275.148
261.836
258.382
273.447
258.103
268.408
266.093
272.954
269.496
270.823
267.984
257.916
270.27
265.077
260.346
272.42
261.999
266.549
266.618
270.224
273.212
264.178
273.796
268.539
264.702
269.303
274.483
267.162
266.524
269.479
267.826
264.494
274.134
277.132
267.129
264.18
255.866
264.244
266.358
269.224
268.809
269.851
256.053
255.883
258.193
264.552
257.609
262.074
273.633
273.205
269.254
273.85
276.731
270.623
257.671
254.658
268.163
271.523
268.99
260.97
266.733
256.784
275.019
263.837
280.409
270.595
272.842
274.524
266.64
277.566
264.497
269.116
273.589
270.665
273.485
265.383
273.342
268.923
264.507
274.462
276.883
275.745
273.061
268.405
269.242
255.877
270.115
266.858
265.327
272.473
264.141
258.969
265.786
270.305
264.775
264.315
262.124
266.845
275.531
262.649
265.42
264.943
271.068
263.068
271.889
263.133
267.312
269.806
278.245
273.633
271.82
257.099
271.299
265.315
276.001
264.577
271.706
270.977
261.894
264.558
258.685
271.28
267.036
261.59
270.095
260.022
276.136
258.83
267.653
267.175
264.168
267.589
269.011
266.603
272.243
262.923
268.52
260.382
263.535
270.885
270.799
259.976
274.877
274.32
274.702
266.273
268.84
260.8
268.835
267.512
273.636
265.866
264.989
265.382
264.31
262.278
266.74
261.23
276.097
262.39
269.203
260.988
262.675
264.984
263.801
265.45
274.946
259.418
273.66
262.805
268.378
266.279
266.076
266.934
274.409
260.91
269.985
267.307
270.091
275.227
260.176
263.8
269.733
272.318
264.063
267.561
279.518
271.16
272.196
269.748
268.266
261.608
272.878
267.605
274.106
260.659
271.508
263.263
271.835
271.174
270.74
264.599
266.793
273.395
268.694
268.394
260.954
269.78
257.951
264.463
269.164
271.965
271.677
273.218
269.097
274.3
267.828
256.132
267.972
267.54
251.776
269.505
281.377
271.705
269.869
263.167
270.01
260.721
271.449
271.068
262.619
264.575
271.953
265.191
269.187
278.245
268.273
275.831
269.961
271.277
267.107
272.528
267.549
268.343
262.033
271.76
262.269
275.784
271.875
273.658
271.353
262.949
273.107
260.022
268.155
261.988
269.813
261.427
262.652
262.709
267.02
265.332
271.579
