143.788
138.165
135.139
135.136
135.811
133.282
131.754
133.145
134.038
134.391
133.486
133.487
133.506
135.241
137.392
135.559
130.316
134.664
134.335
131.189
132.632
134.179
132.29
137.736
132.794
133.118
133.597
130.699
134.334
130.623
135.961
130.333
136.339
130.138
130.586
129.632
125.471
136.207
131.062
134.947
136.463
137.268
137.573
134.853
141.657
138.488
133.115
134.716
136.015
131.634
137.48
137.177
140.045
135.654
129.646
138.963
134.348
134.642
132.278
138.471
133.206
136.094
137.718
135.556
135.684
129.733
135.512
134.513
130.054
133.838
136.247
133.866
132.155
128.3
136.526
134.515
134.845
136.835
135.462
127.46
134.839
132.875
131.116
130.966
137.052
132.447
133.302
128.156
136.311
136.447
134.189
133.894
136.453
132.368
136.39
134.423
138.669
132.061
135.683
132.803
138.403
134.326
131.47
134.699
130.159
130.578
130.38
126.333
127.246
136.934
130.448
133.521
137.135
131.661
136.822
133.467
133.118
137.64
135.247
129.759
130.911
130.338
135.02
133.391
130.953
131.372
133.958
140.066
135.121
137.481
138.61
133.477
132.545
133.832
136.764
130.491
132.572
130.419
134.844
132.722
132.085
133.164
128.064
131.169
135.565
133.613
134.228
134.064
139.74
137.027
136.485
136.312
128.829
138.23
137.162
133.729
136.167
133.398
133.982
132.023
137.11
135.985
133.834
136.682
135.822
140.843
132.012
133.511
137.602
135.45
133.381
138.145
131.863
132.597
133.338
136.243
132.904
136.524
129.222
134.736
129.68
128.821
130.223
138.156
139.205
137.361
131.186
132.726
135.343
131.96
133.881
130.516
139.178
135.214
128.297
132.302
136.546
136.07
134.362
135.046
132.251
135.55
137.283
135.268
135.254
131.044
134.273
132.006
135.936
135.091
136.381
137.313
132.626
131.83
137.328
137.406
134.564
133.45
140.077
133.583
133.907
139.63
136.64
133.965
136.107
131.998
133.775
133.884
130.189
140.461
127.231
128.02
134.925
137.364
131.361
137.888
134.077
140.809
136.232
135.212
134.359
128.8
131.929
137.354
135.798
132.474
129.745
130.087
138.028
135.59
136.181
132.422
132.845
134.432
130.058
136.245
138.414
133.602
140.436
136.219
133.091
131.454
139.118
132.978
129.76
131.421
137.144
137.222
134.555
135.066
133.002
132.567
129.525
132.761
135.256
135.404
137.043
136.859
133.988
129.158
132.406
133.964
135.362
131.206
136.713
128.115
137.384
134.109
131.423
127.687
135.124
130.113
135.422
135.114
130.801
132.106
137.938
138.122
131.552
136.496
133.826
133.566
133.14
134.91
132.829
133.904
133.036
135.473
127.763
134.212
137.535
135.103
130.813
131.187
132.982
132.489
137.235
136.529
138.352
130.493
140.341
132.039
130.352
140.064
132.853
137.29
135.547
133.444
132.689
132.7
133.03
132.206
136.308
137.893
136.267
137.245
131.008
133.009
132.914
138.047
135.097
134.931
130.017
133.458
134.779
133.167
135.428
130.118
131.437
136.394
135.019
137.837
129.325
131.831
137.701
131.283
135.522
131.165
134.234
137.094
131.88
133.273
131.688
136.109
134.024
141.092
130.939
136.641
132.479
133.73
137.058
131.453
128.382
133.36
129.921
136.231
139.954
134.377
136.545
131.565
134.398
135.055
135.269
130.619
136.684
131.435
135.096
128.568
136.559
138.971
133.629
138.816
137.285
130.425
132.09
134.797
137.183
130.715
135.231
134.163
128.961
131.816
129.809
137.564
133.769
133.446
134.536
137.944
136.548
133.782
137.015
133.411
135.496
134.221
131.157
135.033
133.389
132.946
129.647
139.67
138.124
133.945
130.377
132.452
131.922
132.279
132.856
133.77
131.553
138.19
139.482
132.331
134.86
137.991
133.849
132.645
136.254
134.108
132.49
134.489
135.007
133.269
137.852
135.543
130.312
136.77
135.362
139.378
137.012
134.467
132.469
137.646
136.855
133.44
134.243
133.712
137.802
133.959
131.031
131.318
136.205
138.146
136.617
131.124
135.184
136.894
132.116
135.164
134.922
133.8
132.365
133.475
132.998
135.716
133.354
129.135
136.372
136.78
133.213
132.261
130.06
133.078
140.048
128.467
132.844
128.555
134.921
132.492
130.947
128.213
132.975
133.613
133.919
133.755
130.825
137.12
132.49
134.908
137.03
134.5
134.008
133.03
131.626
132.204
134.206
137.468
135.121
132.754
134.708
137.073
136.135
137.932
135.68
137.556
132.915
138.625
134.313
135.797
132.752
131.965
135.538
134.375
138.639
131.492
133.995
134.609
136.137
130.897
130.851
138.342
134.903
135.266
133.352
133.777
133.213
136.652
134.333
133.96
134.271
133.293
135.477
133.03
132.193
129.958
137.813
136.834
134.067
133.968
133.563
137.67
138.833
130.52
134.796
129.202
134.734
136.753
133.627
137.897
132.686
133.06
133.453
130.505
134.316
137.511
136.297
132.518
133.292
130.603
136.663
135.256
133.735
139.227
132.114
133.394
132.225
134.14
135.13
135.702
132.741
138.931
134.443
140.665
132.344
131.425
134.651
138.875
133.449
142.688
132.321
134.743
134.745
130.354
137.433
133.847
135.158
131.35
135.225
133.941
131.569
134.852
134.892
133.449
134.223
134.535
134.465
132.894
134.638
133.358
131.589
138.165
137.915
127.673
138.267
133.931
134.865
130.532
129.765
134.686
133.99
132.954
133.843
135.806
125.687
134.023
135.662
134.105
129.225
131.191
132.758
132.479
132.686
136.395
132.386
133.879
130.211
133.65
130.83
132.501
130.008
133.365
133.961
133.133
139.587
135.387
134.723
136.614
132.061
134.778
133.366
134.358
133.45
133.019
137.927
128.859
134.456
134.392
135.477
130.266
138.405
135.279
137.95
135.268
134.635
134.813
138.395
129.767
132.735
132.927
135.556
133.97
134.707
130.56
130.131
130.17
140.311
134.504
135.555
130.21
134.51
133.094
135.062
128.65
134.567
136.407
131.886
133.206
129.408
133.857
131.817
133.942
134.768
132.934
135.05
132.309
132.352
132.441
131.738
130.437
133.693
135.171
132.286
135.492
131.094
132.938
135.661
137.627
137.34
131.194
131.278
133.131
128.29
139.137
133.516
135.204
134.986
131.273
133.731
136.56
134.39
136.802
134.942
137.712
130.698
139.074
134.023
132.763
135.709
136.614
138.253
132.055
132.203
139.221
134.925
132.261
133.504
133.293
135.363
130.04
135.339
131.927
133.452
133.699
135.454
132.196
137.29
130.656
140.332
134.421
132.515
133.799
133.153
135.749
136.415
135.247
129.692
137.732
131.14
132.318
136.73
134.206
135.434
136.435
132.585
135.138
132.929
130.207
133.357
136.266
136.446
132.165
134.413
131.648
129.913
127.751
138.154
132.941
136.597
141.872
136.232
133.672
134.647
136.397
132.225
134.481
130.693
136.24
136.193
130.745
136.164
129.034
134.944
130.743
135.23
138.5
131.636
129.72
136.19
134.544
131.749
136.985
135.389
132.929
133.395
131.499
137.723
132.675
132.754
133.925
132.655
132.707
132.805
127.501
138.511
135.835
136.765
135.147
134.3
135.909
138.229
131.472
127.855
135.202
137.263
132.833
131.002
134.338
138.301
137.805
135.878
133.27
134.347
130.902
131.915
133.255
134.476
136.59
138.714
132.824
136.06
135.063
134.592
132.566
132.478
134.751
131.465
138.063
135.184
132.023
131.877
131.05
132.197
136.686
135.473
134.402
132.58
134.398
135.189
138.479
130.312
134.335
136.604
137.002
138.874
138.234
132.332
131.064
133.607
137.794
132.334
136.433
135.22
135.29
137.187
133.049
135.964
131.825
129.676
131.695
135.31
134.156
133.725
131.262
134.67
133.199
138.371
135.641
136.639
134.414
137.034
133.358
132.515
133.698
133.173
132.705
129.973
135.314
130.276
134.99
137.773
136.803
135.383
133.525
136.91
132.803
139.091
133.034
139.987
135.369
131.175
136.072
135.462
135.193
139.219
134.515
132.492
133.86
138.531
134.399
134.764
130.709
134.142
134.087
138.264
135.273
137.418
129.602
134.93
133.166
132.941
134.474
134.879
133.507
139.777
134.603
136.775
134.672
133.545
137.176
134.332
135.1
135.472
133.975
133.072
136.232
135.018
133.738
137.249
138.015
137.073
134.205
132.697
132.566
132.386
135.51
131.523
128.394
134.991
129.939
128.567
138.377
130.671
134.051
134.747
136.147
133.63
133.142
133.225
134.062
138.632
131.248
135.686
134.691
138.112
134.161
135.58
133.993
134.32
135.292
134.54
135.043
133.115
134.24
128.408
129.432
136.006
138.092
135.049
136.502
132.185
134.176
132.25
133.939
132.804
137.593
124.746
130.595
134.671
131.638
139.551
138.311
