250
108
91
314
98
273
3
269
63
29
308
39
374
88
165
27
253
6
264
343
26
219
376
356
126
388
369
72
111
96
29
155
139
237
103
239
65
114
30
110
480
29
56
158
400
89
239
268
208
124
436
166
368
142
21
225
150
160
268
182
208
354
349
47
2
53
248
188
325
85
173
210
10
147
280
201
319
121
145
240
296
306
237
94
6
231
143
344
186
463
244
290
131
257
65
50
241
57
135
187
237
238
23
44
246
150
92
361
355
198
421
63
18
297
39
67
47
127
220
85
93
324
333
60
89
393
451
138
62
143
290
125
3
168
175
73
105
13
63
25
90
256
186
91
66
322
331
304
319
54
394
208
246
250
63
183
274
225
215
15
47
366
219
234
356
87
82
110
82
278
117
140
294
154
178
351
74
42
416
69
315
7
58
44
61
163
158
52
447
33
210
331
311
379
355
351
429
203
274
316
155
224
368
103
75
58
49
39
206
232
237
207
265
251
11
26
324
22
104
131
8
75
272
348
362
220
74
317
163
57
113
64
105
65
14
205
396
435
45
152
131
189
25
191
181
235
166
42
33
302
275
189
79
153
261
128
123
121
34
331
365
288
270
133
292
348
181
484
1
169
46
258
352
228
227
182
304
260
4
109
54
180
207
247
208
35
47
59
286
141
143
123
346
165
139
148
155
333
315
202
74
110
372
74
18
168
254
132
307
33
217
45
228
162
210
371
225
242
367
335
82
134
209
431
187
259
149
212
140
212
159
9
409
313
115
166
8
97
238
343
95
121
264
27
284
328
272
206
372
185
110
75
97
51
315
446
313
337
263
247
366
325
286
273
169
188
169
284
140
170
185
183
94
384
366
28
382
161
76
268
282
369
20
12
77
13
44
57
342
4
415
96
309
98
331
178
244
235
287
160
118
9
228
394
187
351
104
26
62
277
276
254
227
110
260
240
37
258
428
387
316
248
289
24
98
74
319
299
109
323
420
34
243
330
324
13
95
246
195
229
269
15
36
109
171
130
244
239
236
67
207
131
479
108
157
170
308
14
312
402
393
89
98
143
152
354
230
149
406
192
149
45
243
329
115
212
400
81
306
177
98
331
176
40
368
25
166
164
168
136
203
82
185
31
157
307
224
153
278
37
405
397
253
137
398
146
79
308
421
196
218
138
105
124
466
206
12
135
354
245
395
320
225
210
150
221
276
56
296
120
12
92
279
152
274
35
190
101
64
45
310
20
187
307
399
56
66
38
268
172
34
322
459
2
65
147
211
113
272
50
150
200
94
192
144
362
77
82
60
317
309
266
172
154
304
14
345
60
110
101
374
42
406
85
77
172
232
24
186
369
110
416
167
95
36
217
190
13
138
367
48
414
22
67
148
533
59
375
186
335
213
31
369
399
392
292
142
345
56
332
256
308
139
189
122
177
340
5
9
4
252
295
390
76
283
155
101
296
81
334
167
379
144
386
206
104
247
324
262
308
411
68
185
46
100
307
197
126
294
206
242
174
371
4
290
320
116
136
348
96
359
284
95
338
165
235
166
170
79
275
275
42
70
65
156
144
263
241
355
233
174
227
28
194
160
52
158
52
104
395
268
66
244
88
239
220
83
312
73
344
24
36
297
273
221
122
212
198
20
117
169
179
49
235
70
30
37
156
123
339
224
136
10
98
91
44
54
246
352
306
100
243
231
122
93
114
280
65
90
1
113
224
238
382
34
338
298
376
313
178
19
189
86
75
202
308
13
92
383
5
482
194
109
138
412
12
113
31
119
437
201
157
284
147
102
143
128
105
313
349
203
372
76
320
3
22
66
355
74
24
242
348
244
109
57
82
80
251
148
317
64
248
25
51
86
232
116
141
246
97
10
216
214
408
48
117
338
252
103
228
411
305
7
395
286
18
102
126
153
18
89
162
326
354
257
182
49
426
385
219
51
46
342
346
289
17
127
296
48
293
345
58
136
51
315
167
19
184
226
186
151
47
163
246
317
233
222
67
187
176
60
237
147
137
119
369
187
288
205
378
85
94
29
161
339
232
50
160
71
140
117
337
327
316
398
391
336
187
373
113
315
91
227
123
409
43
151
178
12
381
62
67
168
101
8
290
297
232
43
321
206
163
45
126
171
316
26
260
165
196
20
87
380
215
70
14
26
147
7
157
216
179
244
260
342
299
319
162
87
106
60
351
269
422
35
32
147
276
144
396
200
142
68
338
67
380
5
81
131
53
229
93
197
210
367
182
73
320
303
179
144
218
196
32
458
407
369
267
43
164
306
77
13
232
287
215
112
330
291
196
199
7
202
15
204
269
37
344
429
406
331
41
119
160
133
59
90
165
338
207
156
62
185
391
363
8
261
23
51
4
362
228
133
98
275
25
374
138
21
224
387
360
265
94
337
61
248
242
249
254
121
74
392
66
111
162
203
17
101
354
398
9
382
258
117
165
226
311
58
412
52
149
145
315
309
115
132
426
461
262
14
18
309
250
380
88
178
67
76
55
278
46
171
75
305
329
155
80
247
163
211
4
257
155
285
78
138
306
239
185
268
121
198
375
136
27
187
132
374
104
218
194
257
344
329
20
33
40
61
22
77
382
25
407
379
391
85
472
346
324
234
14
189
186
48
277
273
49
66
301
188
48
270
390
8
169
218
377
334
457
111
199
179
354
181
183
372
340
37
252
236
122
224
167
67
399
42
276
121
203
48
380
391
185
118
228
378
8
152
102
94
198
50
326
51
120
11
165
174
258
361
72
148
180
61
300
242
30
86
334
223
149
332
100
145
370
191
58
263
339
91
181
392
360
389
84
263
123
312
364
125
92
208
37
116
208
114
8
266
22
90
112
193
24
214
275
153
198
281
323
3
88
349
133
50
306
48
237
368
423
99
442
4
230
27
29
239
4
244
132
191
346
115
109
103
26
46
292
151
75
273
262
125
478
298
342
444
43
150
15
31
165
10
106
79
9
279
393
186
344
405
451
394
162
78
78
392
382
232
103
386
10
122
112
81
403
23
111
256
243
380
17
373
276
456
95
132
142
285
71
266
306
72
152
219
34
350
156
219
85
227
437
177
84
304
114
23
172
230
62
404
100
17
145
322
202
52
208
43
385
364
407
59
223
98
203
325
74
56
281
213
367
135
158
144
240
3
313
375
64
316
162
215
12
260
250
68
392
206
193
74
407
335
333
310
34
83
153
85
133
32
86
247
143
3
100
25
76
99
250
410
280
200
221
115
356
299
277
360
59
335
455
120
53
51
22
295
280
196
178
36
137
272
2
71
155
339
71
251
22
107
26
285
378
206
42
186
207
49
228
337
416
292
352
313
349
348
160
48
210
351
405
3
295
207
53
404
333
260
173
325
106
148
70
27
151
165
251
427
49
132
2
102
39
272
13
36
129
206
1
243
51
130
277
403
241
395
216
8
209
104
151
207
40
88
134
356
87
390
68
212
391
222
347
43
162
213
58
52
149
215
332
183
123
338
55
265
67
206
50
56
160
157
152
228
264
315
137
282
130
39
378
62
47
233
167
177
28
189
417
7
95
38
151
228
141
320
184
75
150
188
225
14
2
266
150
33
43
166
234
423
158
387
405
267
159
186
79
359
339
226
210
240
268
126
118
149
65
152
396
172
143
174
39
375
182
190
27
197
252
355
128
35
253
270
416
226
284
208
251
139
348
366
83
52
92
266
429
370
321
70
179
184
57
253
170
103
324
315
89
7
105
158
244
144
72
69
291
340
43
149
308
139
385
195
8
28
25
203
304
219
105
281
38
119
202
226
116
240
344
358
73
29
169
303
125
34
289
362
43
281
82
154
161
97
157
84
391
112
135
234
93
141
348
313
133
88
174
197
167
248
301
340
445
300
160
153
154
285
437
120
110
126
260
332
242
54
294
106
316
402
13
106
92
64
59
65
147
31
12
193
93
261
383
372
63
188
33
2
360
47
115
138
169
94
484
51
180
218
358
358
190
67
146
431
258
231
44
289
271
372
432
341
263
177
305
157
186
160
174
378
30
321
378
389
226
470
4
204
354
205
32
115
184
246
385
16
374
186
80
123
336
210
152
84
241
376
180
222
188
110
392
198
274
17
236
211
244
137
242
264
49
54
132
394
205
151
352
53
80
77
156
316
456
396
62
112
136
323
319
15
87
277
279
67
422
101
342
310
140
192
154
220
172
187
57
107
272
233
245
86
249
340
258
140
281
276
132
18
317
429
26
125
353
140
195
245
272
327
139
259
6
276
359
73
234
15
126
339
237
164
193
127
296
370
241
319
192
94
22
56
270
183
104
279
135
56
347
210
251
254
56
282
117
13
24
394
65
7
22
219
19
349
343
430
300
43
85
63
320
93
406
101
117
283
173
293
157
278
239
54
270
100
393
104
141
5
331
184
43
60
93
17
105
112
235
220
49
185
220
52
391
109
301
337
292
291
58
154
370
105
8
98
158
136
57
232
137
262
157
156
127
69
413
415
253
26
313
376
309
384
211
120
74
41
346
183
382
9
81
227
264
71
341
374
256
64
361
172
3
1
253
499
257
66
346
168
266
25
194
76
476
321
227
258
148
341
37
182
303
220
318
83
356
389
54
126
97
133
81
32
389
39
86
415
69
194
47
328
74
357
70
244
370
236
69
75
162
247
129
50
59
368
98
98
100
408
298
19
216
195
402
388
109
129
231
34
183
329
129
154
180
305
252
111
397
111
102
233
199
52
51
192
180
79
93
373
110
151
252
357
114
105
29
499
285
31
381
126
163
52
109
69
350
230
285
219
6
253
47
365
135
42
246
223
235
86
15
14
169
253
212
115
70
306
164
416
73
52
4
194
313
55
369
182
126
233
377
41
308
200
359
224
164
103
232
22
44
86
433
359
423
104
315
112
405
45
96
229
12
169
250
85
318
225
221
1
150
155
132
22
330
109
96
208
277
234
167
164
290
164
44
55
88
16
139
71
51
353
83
496
272
89
38
79
289
106
100
264
313
42
316
390
184
263
311
432
54
123
411
75
17
307
214
190
280
53
74
376
138
472
399
183
379
29
61
44
107
236
126
156
231
92
127
111
183
233
397
158
107
8
295
146
39
351
374
96
296
80
97
308
320
219
206
255
383
461
200
107
287
49
418
179
218
300
138
255
28
202
427
174
222
310
6
202
90
321
198
331
176
201
339
38
333
156
113
12
256
14
58
339
389
115
36
37
120
66
46
158
166
1
390
207
355
198
158
34
235
71
59
37
187
249
97
197
168
19
201
122
1
194
54
120
20
388
23
269
165
330
389
70
251
244
266
234
237
118
153
130
114
215
329
420
86
360
390
277
12
33
180
57
48
249
137
124
331
206
22
110
3
264
104
176
299
170
108
27
111
175
212
391
94
62
21
8
333
416
23
128
51
379
140
200
315
204
212
232
370
288
265
225
286
304
340
281
123
164
329
268
84
355
503
274
150
324
323
241
7
332
186
287
18
37
171
220
102
324
110
145
34
275
235
96
42
65
268
448
12
349
69
94
267
200
146
234
109
152
108
373
29
245
262
439
45
340
67
5
363
51
259
83
172
179
301
90
68
335
277
380
388
153
211
259
9
245
301
371
84
326
219
368
134
96
25
176
140
43
210
232
128
350
197
45
154
24
301
166
251
268
416
202
368
289
117
339
318
10
63
96
180
49
69
303
374
81
96
116
159
17
75
48
184
138
172
133
41
78
49
136
82
167
169
225
160
46
408
143
310
200
146
249
259
404
387
161
327
286
63
60
16
10
75
86
6
33
182
81
5
6
111
209
154
275
358
5
307
25
12
224
299
242
306
113
200
230
191
229
273
2
138
51
58
12
106
425
56
81
65
224
29
438
72
77
151
49
110
78
135
114
276
250
98
29
35
344
170
338
36
285
14
291
349
174
39
56
290
491
108
270
401
26
123
91
237
59
98
78
182
322
368
153
17
282
140
392
119
164
195
287
249
442
346
62
301
163
351
154
320
58
383
297
185
194
356
233
307
180
183
197
161
370
280
239
199
75
60
342
114
377
133
239
178
140
402
176
47
20
218
98
104
299
116
225
257
260
23
261
127
5
198
215
87
401
31
296
268
76
46
236
57
135
125
237
385
291
8
5
176
291
102
198
230
220
102
188
250
42
182
198
364
37
110
43
38
207
102
164
177
9
369
55
5
251
227
48
249
342
403
95
135
235
91
94
100
160
123
233
247
105
124
99
234
187
98
305
53
325
413
254
295
19
45
406
244
68
121
73
231
318
87
187
71
24
271
165
191
91
85
237
158
122
128
66
141
125
26
164
159
112
98
283
286
112
300
309
110
364
129
398
295
3
362
272
262
200
222
161
193
235
249
5
86
220
223
312
91
300
380
129
253
45
407
138
362
97
57
365
366
191
21
402
449
197
171
257
31
204
391
74
333
4
18
161
203
279
102
296
250
250
113
262
207
34
41
29
416
183
287
400
392
191
91
76
46
34
37
181
306
27
74
279
458
206
56
73
364
283
148
1
432
111
202
42
192
371
392
15
237
110
150
168
347
252
419
354
235
309
252
45
210
53
326
176
215
91
346
110
175
166
167
47
263
183
200
286
512
75
271
197
76
222
191
287
435
265
49
221
56
237
87
151
69
156
4
121
33
271
34
218
379
416
431
61
211
411
201
94
197
77
65
226
296
44
35
58
103
23
391
235
98
108
371
223
104
305
218
77
68
131
40
27
355
151
326
24
378
42
307
58
42
153
254
70
360
70
67
165
426
404
222
120
168
150
18
433
60
44
296
290
254
423
81
253
116
31
220
347
235
335
57
158
127
310
253
363
132
150
335
155
398
45
145
63
6
70
205
231
117
87
337
271
92
6
71
108
247
450
141
65
428
326
324
275
346
242
323
55
68
387
118
351
373
270
96
269
178
133
36
41
149
244
38
374
305
513
301
171
85
314
187
199
51
260
109
154
195
223
161
348
188
29
108
388
8
404
293
83
391
289
156
102
227
204
265
113
329
161
321
1
383
6
318
35
290
341
69
459
210
10
54
300
154
254
226
52
397
326
55
371
71
20
112
129
140
226
409
270
359
105
436
191
79
221
117
13
148
65
151
53
83
341
176
92
63
64
65
320
103
226
6
307
124
367
84
124
154
207
234
71
114
14
290
182
198
141
293
97
367
354
136
204
226
141
247
153
51
86
419
380
192
313
24
135
205
200
333
92
33
171
58
7
413
81
119
237
277
7
333
263
283
120
16
59
11
222
342
181
268
345
259
190
2
410
354
392
324
123
383
77
94
120
256
288
196
217
412
77
219
320
197
301
145
191
132
103
361
113
172
216
211
86
229
160
49
75
67
45
348
325
304
376
325
4
13
68
146
22
135
277
112
118
83
12
291
10
6
48
76
149
339
437
73
25
359
156
122
183
67
395
110
208
9
26
315
332
10
132
171
371
208
395
326
122
241
157
227
227
276
77
229
134
133
166
54
38
200
76
10
224
138
190
263
366
100
50
290
437
134
181
2
131
163
124
151
323
35
402
214
153
88
400
158
343
245
345
20
86
12
378
347
17
381
195
44
135
368
218
151
70
405
371
137
17
196
45
338
122
421
96
331
43
84
374
70
233
385
69
188
397
464
186
220
134
23
175
40
73
36
201
347
90
56
290
341
67
373
114
294
124
330
398
25
251
247
146
292
76
331
187
194
88
106
170
200
2
93
28
116
25
371
223
324
9
107
71
131
413
157
251
82
13
60
164
184
230
369
4
210
419
226
262
144
160
176
356
390
231
301
3
364
130
77
227
125
78
222
302
88
198
184
191
209
96
203
302
401
2
324
227
494
35
20
288
173
191
3
272
13
357
23
111
69
232
426
144
112
142
381
356
363
404
189
16
264
21
117
107
21
29
337
317
366
182
257
20
403
28
113
256
173
80
73
98
59
390
147
284
219
371
1
96
293
310
422
292
8
102
13
408
347
225
9
58
6
214
357
152
168
71
184
351
126
7
480
194
141
27
51
415
209
259
157
215
263
64
224
167
390
129
28
121
253
336
84
81
372
190
38
369
79
225
257
143
205
407
103
134
197
101
168
88
147
430
377
123
35
99
31
229
167
74
290
220
285
20
388
80
51
286
396
56
384
230
218
32
251
274
74
262
215
13
489
322
191
369
96
412
60
47
50
387
28
329
186
305
336
18
114
287
211
3
227
172
279
11
121
136
192
330
196
212
371
99
105
6
343
55
171
331
236
10
391
395
284
148
140
165
40
166
186
17
232
410
32
49
210
76
196
99
402
240
211
214
383
117
324
203
380
356
180
114
100
281
295
309
371
87
312
467
318
92
357
200
436
290
101
337
110
253
354
19
287
172
252
284
189
127
283
65
275
313
357
420
392
300
297
70
288
53
355
259
265
136
130
37
11
158
177
243
23
125
375
259
12
261
357
13
252
144
239
121
230
75
2
28
76
170
168
94
48
99
365
183
166
152
171
160
353
176
140
228
162
11
225
161
79
50
194
259
84
103
103
90
316
309
90
238
261
3
217
332
7
27
10
446
395
107
405
1
417
368
147
231
88
55
111
25
149
188
51
153
152
197
400
373
330
277
114
302
95
191
250
142
259
289
146
29
258
301
75
264
164
204
134
109
216
83
138
226
389
248
296
9
93
110
79
141
298
117
131
370
366
127
210
27
353
296
154
306
59
92
321
147
86
223
339
57
202
197
301
285
103
44
126
228
98
286
79
118
238
97
251
380
405
24
239
116
204
184
39
52
206
171
219
229
199
341
215
67
309
73
150
246
422
90
245
28
171
399
165
83
193
221
255
124
356
95
200
113
279
421
345
148
4
134
114
88
128
326
82
80
131
168
218
137
406
2
292
369
261
225
9
219
221
199
97
60
26
3
68
435
60
148
437
109
381
426
25
329
242
430
81
378
179
136
104
168
95
263
265
265
33
192
290
52
75
23
51
4
158
12
1
271
5
50
137
437
234
271
30
89
210
179
192
147
221
18
320
43
365
120
221
537
116
55
22
157
475
13
171
138
23
82
154
327
145
387
325
252
3
232
227
124
36
330
8
59
223
387
360
105
345
5
43
110
153
316
261
64
329
39
145
178
29
389
50
132
274
214
246
228
102
335
229
47
358
60
220
138
16
86
22
38
159
79
75
162
466
156
62
274
398
201
17
242
294
265
39
233
77
210
31
107
392
49
88
78
176
381
418
52
227
242
36
75
42
291
69
318
306
108
387
299
123
238
42
186
9
207
198
143
251
362
333
67
100
280
314
217
264
41
110
99
216
481
100
10
30
122
373
383
16
102
25
5
299
393
333
165
22
127
158
207
75
242
154
162
71
326
219
148
218
316
6
171
79
237
314
59
266
349
71
323
244
234
107
206
226
238
195
230
78
149
158
301
264
71
180
488
141
270
216
326
209
162
28
134
86
70
327
57
177
25
299
132
82
153
465
402
265
410
230
372
104
240
104
171
284
252
133
31
317
207
130
130
4
71
23
258
299
200
87
188
206
438
180
34
87
136
363
218
352
123
211
91
350
176
36
65
451
165
183
163
101
66
35
17
47
103
216
5
258
300
117
170
96
64
227
111
43
114
221
233
396
253
27
361
315
117
146
240
375
87
211
2
274
4
7
180
292
22
175
205
256
225
76
190
188
354
72
109
261
83
24
363
326
77
63
52
464
185
239
153
318
103
11
149
74
289
38
53
39
175
206
426
83
108
38
39
133
281
219
181
172
156
71
351
261
79
81
32
38
284
4
467
45
182
233
407
59
337
293
73
178
301
177
96
278
159
93
220
305
137
118
401
17
274
349
376
362
68
127
58
287
133
338
230
54
279
164
130
76
44
22
404
31
359
193
246
30
71
159
148
170
502
377
137
87
190
310
21
262
33
384
436
71
244
399
357
185
135
202
258
253
183
312
395
158
361
222
182
204
55
282
251
326
266
211
80
25
304
259
247
40
214
78
164
324
391
279
445
421
80
210
52
345
424
5
221
247
91
288
88
128
147
21
306
58
334
395
138
90
303
54
54
146
213
509
267
215
146
377
231
142
402
267
217
95
82
65
226
131
239
290
273
32
26
157
308
49
271
417
339
25
173
320
120
320
408
244
385
55
23
287
74
38
292
224
110
243
185
232
91
289
474
59
347
133
141
378
140
228
320
1
90
175
111
255
76
234
242
74
164
89
61
82
26
243
176
168
183
36
262
53
328
24
64
310
189
8
279
22
262
69
286
134
323
371
74
106
323
13
390
230
309
142
64
241
242
242
191
249
196
43
350
91
394
311
301
92
71
265
332
102
223
201
75
93
69
325
264
154
52
225
138
25
58
260
262
67
331
228
49
58
27
33
33
80
368
140
266
55
314
270
321
353
163
80
314
185
21
259
209
346
234
50
127
159
143
305
150
195
1
143
172
266
34
51
147
91
58
267
312
175
71
89
32
207
332
153
436
319
143
355
85
271
412
116
246
107
376
36
193
197
61
3
93
353
371
317
2
300
6
69
13
114
233
130
185
343
337
62
150
213
151
329
149
56
4
305
302
145
177
110
175
17
34
271
410
81
118
270
105
365
314
306
175
169
110
477
328
265
66
73
385
379
80
241
128
122
374
139
2
48
123
101
105
224
82
328
273
169
202
372
316
50
245
282
145
295
70
119
288
130
23
170
30
42
68
27
29
160
283
103
322
215
359
118
137
217
12
291
111
35
108
254
228
281
153
76
38
360
194
468
58
442
171
89
305
363
235
471
64
263
130
174
76
308
321
92
102
71
384
195
114
161
15
274
167
5
418
202
467
70
175
314
278
53
66
88
55
202
55
262
27
349
97
210
296
6
363
14
131
342
18
196
403
419
258
242
29
97
77
383
142
11
240
102
151
29
280
10
452
182
187
249
105
64
172
234
251
48
148
33
289
62
312
175
90
44
234
161
151
292
105
16
225
209
493
376
32
297
66
25
376
186
351
166
152
10
210
470
82
330
23
180
392
273
483
386
236
346
150
30
235
411
33
218
162
261
125
162
149
203
233
288
361
214
56
62
358
218
7
221
41
234
30
253
439
321
330
234
256
56
281
222
174
337
218
21
172
399
309
70
212
284
50
44
4
397
425
80
128
90
12
392
97
26
122
325
294
317
166
208
227
200
259
342
307
403
218
61
48
398
135
125
109
260
121
249
147
228
68
147
286
17
53
174
10
84
130
329
111
292
315
330
119
93
71
224
20
316
387
227
268
23
260
57
94
469
33
16
187
144
343
44
8
173
250
353
198
260
187
398
142
65
151
145
266
213
408
232
25
392
197
393
255
106
195
205
97
11
105
123
61
306
275
53
352
146
174
139
168
182
298
152
105
7
148
103
349
176
178
412
314
172
92
146
411
87
21
264
230
176
92
21
321
167
120
185
59
185
162
191
346
414
26
385
332
345
64
114
372
259
440
262
286
56
290
84
43
363
380
199
2
88
250
63
88
47
156
279
23
298
290
32
205
189
166
336
317
76
215
9
392
385
294
233
352
34
75
293
378
267
297
375
87
407
84
21
394
192
95
334
370
293
39
308
272
348
230
412
134
171
296
248
102
116
312
383
344
343
226
96
329
149
178
154
144
187
179
116
312
402
31
348
245
149
333
130
261
150
76
160
142
84
123
278
441
153
407
246
29
303
359
64
286
186
80
100
203
14
38
323
157
14
136
337
194
95
252
143
195
100
321
27
72
217
342
347
203
221
77
215
134
167
81
313
22
195
118
208
351
107
31
279
107
264
68
409
161
33
372
283
68
93
8
108
165
32
157
418
239
239
287
131
270
149
30
62
427
421
79
114
77
145
3
250
143
128
266
6
82
310
151
51
111
67
250
189
9
123
129
302
347
106
8
269
202
167
76
209
118
368
298
11
382
332
339
100
305
215
28
15
179
9
251
221
161
152
308
69
11
312
253
495
60
24
221
308
98
281
263
140
119
300
353
214
47
282
239
90
29
127
37
26
237
286
85
105
213
94
275
76
133
8
15
366
167
276
124
135
369
141
226
105
327
131
450
221
321
299
216
15
36
236
98
233
311
120
41
422
292
255
79
378
186
229
390
201
209
180
257
85
193
322
109
185
39
139
268
128
8
51
217
297
29
115
30
21
142
160
170
207
85
329
88
336
426
206
43
37
112
247
335
52
86
122
490
240
261
7
390
158
13
256
151
94
92
214
243
224
87
7
284
88
385
21
48
257
381
236
199
313
25
226
281
77
446
86
124
179
25
232
355
51
115
171
57
318
345
156
180
7
17
214
196
67
69
11
151
236
186
360
240
161
371
66
153
118
331
381
70
195
370
43
43
30
248
393
211
65
19
139
265
19
59
275
342
144
139
143
1
236
77
294
277
254
158
440
161
308
317
131
13
355
93
56
388
240
173
289
157
184
72
149
338
42
140
19
284
130
373
304
449
278
301
104
15
72
228
96
217
70
383
114
232
130
456
297
313
80
208
186
18
355
85
279
334
347
225
105
84
153
318
43
120
101
83
143
197
211
362
284
371
251
315
70
135
181
272
288
134
266
303
112
346
5
95
52
271
98
313
151
319
395
237
284
330
8
76
14
42
90
276
122
87
214
135
321
187
236
184
85
27
140
1
15
314
199
368
13
26
27
477
145
76
20
356
237
55
207
146
173
239
27
108
316
214
56
145
54
69
29
339
83
407
39
110
171
174
212
47
343
113
80
281
20
250
303
89
421
313
353
254
41
157
46
111
200
250
440
16
222
243
161
14
15
175
92
472
253
300
137
513
12
71
280
276
202
230
132
277
244
48
337
72
58
53
191
220
380
256
313
432
248
352
338
120
202
130
54
15
76
360
437
160
122
246
315
352
118
8
318
271
485
232
142
34
385
202
82
118
193
37
94
84
111
15
321
421
247
238
68
212
143
359
296
73
123
369
63
185
238
277
59
202
178
266
448
168
235
6
35
115
195
237
59
395
290
150
226
210
237
14
194
92
157
367
39
385
328
113
23
131
69
200
290
103
351
223
7
191
278
381
111
8
20
376
136
270
215
265
122
208
273
272
31
245
141
151
48
47
123
217
171
96
241
137
164
322
370
397
162
98
380
232
57
377
375
132
28
11
205
346
125
166
321
271
7
217
56
216
97
336
117
233
391
36
224
71
46
70
106
259
22
312
188
76
127
279
240
208
328
204
306
19
353
166
115
2
270
36
140
15
317
31
54
332
40
37
75
227
162
138
226
20
283
265
25
8
105
169
13
136
109
405
439
3
187
389
57
120
57
123
87
44
31
173
331
59
19
266
23
199
178
128
15
215
68
338
286
85
137
54
323
230
468
45
98
247
162
1
83
263
149
238
328
63
216
141
281
287
14
259
18
97
117
117
181
92
54
439
274
252
77
190
336
396
140
63
165
53
90
18
49
201
360
285
285
20
321
359
152
45
124
205
94
171
224
66
82
392
149
393
62
248
194
370
467
57
173
372
346
218
186
400
307
92
321
356
130
345
224
321
80
378
275
379
39
34
218
107
60
196
84
196
230
106
35
115
174
173
175
265
249
299
109
314
369
128
388
16
279
290
344
114
22
95
119
325
337
55
400
124
314
126
76
273
19
41
13
305
350
88
234
49
148
7
232
287
356
142
260
247
433
106
321
20
289
165
163
197
49
30
345
328
198
377
52
189
198
44
112
79
228
198
359
382
394
50
21
92
98
212
41
269
316
48
227
81
83
131
117
161
146
418
180
184
184
382
11
223
265
17
285
356
329
451
60
172
77
302
216
77
350
