187.781
193.629
184.09
187.312
190.047
192.114
195.15
189.15
198.621
186.897
192.493
193.711
189.184
191.513
195.39
188.746
189.31
189.527
194.055
182.691
186.142
189.769
191.268
187.825
189.758
187.247
197.155
196.867
188.571
188.049
190.175
186.888
186.333
186.963
182.796
185.83
188.806
190.242
187.026
194.411
195.222
188.801
192.712
193.466
192.37
197.166
191.597
192.135
194.761
186.891
188.87
193.848
188.376
188.237
186.167
184.119
190.049
189.123
190.298
190.297
189.443
186.881
188.348
184.293
186.588
184.224
184.442
187.658
188.811
190.851
191.772
188.529
187.006
193.313
186.919
186.446
189.916
187.807
183.781
190.83
188.89
183.847
196.311
182.348
185.692
185.863
191.229
189.603
193.616
186.471
185.228
188.29
189.797
196.735
190.402
185.467
193.065
191.93
191.292
183.346
189.341
195.587
198.723
186.044
188.424
185.895
192.972
188.152
187.784
198.921
193.192
190.703
192.175
187.014
193.959
193.141
186.723
186.242
196.028
190.168
195.763
191.201
185.953
188.903
194.744
188.032
191.531
190.999
187.383
193.661
191.411
192.493
185.185
191.941
187.459
194.719
189.196
189.007
200.533
191.918
190.065
189.98
191.958
199.185
193.643
193.088
195.267
187.641
188.356
194.217
189.079
193.45
194.949
200.543
193.251
197.458
187.001
187.875
189.89
188.306
180.156
191.084
195.022
190.125
193.568
186.848
184.208
190.946
192.638
184.605
181.415
195.436
191.905
193.238
185.975
185.6
191.995
187.37
190.534
196.486
188.538
193.554
187.16
188.433
190.467
185.514
189.926
184.647
187.55
191.136
182.838
197.259
190.025
186.45
187.169
196.632
189.223
192.713
184.346
180.616
194.456
180.645
188.725
187.481
193.129
193.004
191.511
185.511
183.974
185.146
191.924
186.691
187.527
194.218
187.124
185.492
186.991
193.092
183.98
182.142
191.997
189.643
185.398
184.234
189.229
194.101
191.725
191.004
184.964
188.21
190.14
191.785
185.753
188.226
186.718
187.701
198.619
187.675
198.739
195.984
190.365
189.986
191.084
191.426
187.929
185.023
191.525
186.36
191.813
184.145
185.323
191.621
193.334
182.174
182.491
192.216
187.871
194.589
197.956
191.138
191.681
178.77
188.972
183.286
194.248
184.581
189.108
188.197
196.613
184.935
187.912
188.653
194.336
195.563
187.474
190.992
187.986
189.353
187.887
186.016
186.656
188.427
183.835
182.693
184.57
191.925
189.894
188.827
189.747
193.903
188.16
184.939
191.571
187.332
188.15
191.728
189.187
184.329
185.127
193.021
186.523
184.859
194.531
187.005
191.97
185.791
191.806
195.557
188.903
191.924
191.758
190.034
195.524
192.961
186.648
185.046
190.538
185.542
193.579
193.437
188.387
198.885
196.239
184.721
182.513
189.735
187.383
190.888
195.888
188.628
190.591
184.949
192.685
197.056
190.094
196.74
183.217
192.14
195.068
182.459
185.939
192.213
192.357
188.757
196.595
189.612
195.718
195.415
190.206
182.992
195.851
191.194
187.545
191.525
188.248
192.443
189.059
189.08
201.192
192.78
186.947
186.686
181.976
193.84
187.655
191.171
191.143
184.501
190.973
186.419
187.332
187.596
186.258
189.771
191.354
192.151
192.23
187.977
187.005
187.074
184.791
184.984
195.4
190.424
186.258
186.332
185.043
193.309
190.486
195.023
190.309
191.702
188.556
190.061
184.572
187.221
185.784
186.954
193.539
196.781
191.365
190.212
197.888
192.278
183.354
193.85
193.949
187.897
194.813
189.726
193.824
183.858
192.872
195.719
187.699
186.668
190.551
185.605
189.56
188.799
187.66
181.354
181.812
190.492
194.468
185.479
184.584
186.488
199.326
192.214
184.07
189.488
188.503
188.299
189.053
184.718
188.984
189.287
186.039
191.001
198.996
185.284
188.472
189.575
186.215
184.74
184.944
195.007
197.921
199.037
191.255
188.123
186.386
187.827
191.119
202.854
188.894
190.417
186.663
194.856
189.486
195.852
185.876
195.529
195.727
192.358
191.307
190.445
192.972
188.996
185.812
192.305
183.608
192.367
184.626
191.968
186.627
187.104
184.476
180.934
186.006
187.052
187.985
191.481
193.541
186.072
192.382
198.072
186.67
187.31
191.745
186.9
194.221
196.087
182.842
189.68
189.282
190.241
190.067
188.732
190.217
187.693
184.749
192.819
186.712
190.908
191.189
186.538
191.493
191.566
188.079
195.24
190.705
187.375
187.801
187.169
196.549
189.51
187.751
190.995
191.3
194.404
190.826
183.955
181.54
182.326
188.758
193.939
185.535
183.76
192.385
192.66
189.146
183.764
190.986
187.993
185.694
188.716
190.586
190.024
187.653
194.912
190.945
190.196
189.394
192.519
189.801
192.259
189.36
196.115
188.104
184.106
193.174
194.807
193.335
193.985
191.91
193.27
191.165
188.88
180.262
191.612
188.854
192.333
186.075
185.53
189.739
190.918
194.276
184.926
187.395
184.282
192.181
187.565
188.928
188.912
183.482
193.752
186.199
190.612
187.175
195.199
187.38
188.655
192.788
184.422
188.994
191.374
188.904
185.874
192.565
188.991
189.798
188.675
192.128
186.32
191.532
182.144
190.046
196.368
186.319
190.394
191.745
191.377
188.263
192.195
184.89
187.073
184.812
191.958
193.956
193.869
180.598
190.199
185.888
185.51
184.596
192.59
190.794
182.017
189.332
198.345
187.873
187.181
188.633
190.144
191.832
193.977
189.242
189.776
186.043
182.334
189.925
192.643
192.54
195.178
180.369
191.409
194.526
185.197
187.615
184.243
185.466
187.07
186.175
185.535
187.999
188.384
183.466
188.525
184.689
191.437
187.967
190.764
191.414
195.307
199.167
178.071
190.838
187.099
185.347
185.447
189.926
186.462
187.5
188.164
188.086
184.703
191.653
193.355
188.536
187.889
188.316
200.059
189.553
184.627
189.992
187.113
191.114
198.157
181.701
186.281
190.826
190.489
188.685
181.83
181.075
187.184
192.621
191.488
194.296
193.54
190.369
191.913
193.269
189.275
191.715
189.938
190.068
188.128
196.557
194.099
188.595
191.701
197.394
186.477
194.959
189.427
189.073
194.499
182.875
188.911
193.562
198.093
188.309
177.547
190.148
184.359
187.987
195.953
186.42
195.157
195.028
193.654
185.96
186.527
192.291
187.507
194.416
192.396
193.607
191.521
191.014
186.638
197.772
187.92
188.63
187.979
197.032
187.155
191.463
195.477
189.353
183.381
185.65
186.138
185.153
194.867
180.947
193.378
196.228
185.248
188.589
191.237
199.018
186.313
190.537
184.914
195.099
180.658
190.698
188.777
189.419
189.862
192.987
186.596
193.668
186.647
195.768
193.079
189.379
190.662
189.288
196.155
192.233
185.005
195.75
193.183
195.868
185.882
186.849
192.398
185.558
192.931
190.636
190.509
193.391
176.818
182.581
184.079
192.962
186.797
190.494
188.781
183.522
188.838
187.079
189.433
190.839
191.37
188.666
195.548
190.109
197.469
189.119
194.9
185.625
191.248
195.343
188.823
190.109
186.218
192.54
187.271
188.663
188.161
191.325
190.104
188.795
192.94
192.901
182.675
184.021
181.062
193.966
194.013
186.206
192.982
188.532
185.088
191.673
186.097
186.016
196.567
188.156
189.312
187.926
191.156
189.468
189.902
187.431
191.929
182.191
190.624
187.449
191.822
185.637
192.441
188.877
194.962
189.273
179.708
200.203
188.642
195.945
189.29
191.882
180.76
196.136
181.237
182.761
198.789
183.286
186.27
187.368
185.663
195.55
191.07
189.66
186.251
180.168
189.585
192.026
191.878
184.64
196.028
186.803
190.89
187.494
184.138
189.62
188.466
191.686
190.904
186.28
186.355
190.661
195.519
197.055
193.077
195.205
189.649
190.84
190.137
192.066
190.554
197.52
188.404
187.548
195.751
187.073
196.577
189.285
190.342
186.425
189.153
193.508
190.173
189.026
187.92
191.745
188.851
182.158
194.707
192.766
196.488
188.757
187.203
185.587
187.294
188.627
186.135
189.188
185.567
184.98
183.929
190.463
183.648
187.967
192.288
193.61
189.58
194.129
186.351
193.773
188.755
191.175
194.493
185.618
196.968
197.864
188.619
186.919
187.453
187.679
195.644
195.318
192.045
184.716
191.442
187.187
185.986
190.46
183.57
187.137
190.03
188.283
185.83
194.302
189.336
196.931
195.842
197.06
184.129
186.3
186.709
191.157
188.039
188.178
186.711
191.864
194.135
190.723
187.359
196.882
184.753
186.311
186.996
188.958
183.86
188.578
188.982
187.854
189.017
190.999
186.348
192.404
186.925
192.423
187.312
189.172
184.088
182.089
190.064
192.145
192.584
183.591
185.581
189.008
186.543
