132
33
63
51
134
190
121
24
48
138
87
193
172
51
76
38
175
36
117
105
109
112
120
138
12
64
190
78
171
224
146
90
187
182
32
77
96
107
22
59
222
22
18
58
104
106
64
60
116
8
120
124
34
92
123
29
32
53
132
49
193
11
63
84
25
141
101
71
168
54
81
102
74
95
73
151
58
32
87
78
128
75
32
79
96
4
66
149
50
214
94
226
20
164
180
53
69
9
13
123
106
45
105
33
96
54
198
33
195
9
166
86
83
1
127
175
92
7
185
63
74
97
178
85
152
70
52
59
18
95
115
163
93
197
103
132
8
18
78
24
150
20
5
82
137
42
99
20
52
39
23
63
82
5
60
134
101
98
88
70
75
166
98
34
130
222
34
204
90
6
96
15
12
57
9
102
59
70
75
107
35
164
131
90
141
95
64
178
39
108
56
41
24
67
214
18
22
39
48
41
194
21
230
12
81
35
121
162
193
145
34
14
164
185
22
43
155
58
199
189
6
143
205
150
40
111
18
25
132
130
81
104
102
96
119
77
4
36
99
188
52
161
114
77
199
50
155
142
123
58
150
119
122
150
225
151
81
101
164
181
120
128
36
91
179
146
87
6
125
74
46
158
92
77
27
156
21
134
182
120
53
130
61
163
5
41
92
61
108
120
40
56
67
125
48
25
117
118
131
45
85
55
151
7
67
149
91
20
87
29
2
56
94
191
73
65
107
62
84
15
27
13
28
92
45
157
142
75
82
128
77
199
33
12
17
16
189
234
24
134
21
119
10
146
44
114
16
9
63
24
47
133
63
174
151
150
37
103
21
29
168
173
5
7
100
128
82
99
31
106
200
56
17
25
71
25
124
54
193
27
93
23
128
21
83
195
122
17
75
98
216
190
184
63
99
63
1
59
18
162
36
136
65
174
51
93
148
80
91
108
48
62
165
4
204
71
19
66
25
232
42
119
48
15
211
85
43
82
233
56
165
110
197
117
190
156
190
65
118
31
74
119
47
33
185
173
99
10
121
176
78
151
164
96
42
214
98
161
166
228
127
194
79
120
72
154
148
62
18
20
29
164
33
28
118
68
36
202
87
37
83
109
203
105
47
162
7
144
80
16
91
30
1
40
138
8
105
22
52
85
11
59
53
24
197
109
10
54
59
37
72
85
124
158
175
113
6
145
77
110
155
143
186
71
141
153
54
193
14
136
8
101
83
240
105
19
8
126
54
5
22
92
1
90
32
36
124
98
40
83
136
122
175
72
155
60
36
65
235
16
37
60
26
33
103
104
123
194
123
21
230
61
126
117
20
182
127
73
132
20
60
52
33
1
38
70
129
17
117
14
124
28
12
36
44
42
22
4
16
85
130
44
96
193
30
53
4
30
137
9
10
65
90
41
113
134
22
52
15
171
169
117
134
96
155
191
89
80
167
108
4
104
58
168
52
107
3
89
180
7
271
81
12
128
54
169
179
66
29
158
142
179
136
52
15
48
130
173
22
172
62
200
174
79
177
97
9
198
118
59
36
61
13
119
101
61
48
6
113
12
201
220
166
67
45
16
42
113
121
31
84
72
83
171
69
153
188
42
100
23
155
79
159
165
163
157
76
177
133
173
76
145
18
138
6
16
70
171
175
50
78
138
143
146
128
156
124
115
108
129
113
42
33
150
48
49
42
124
40
18
17
5
151
51
124
137
85
54
118
17
220
68
46
42
159
48
90
146
161
40
125
153
119
59
130
162
33
13
104
39
101
60
150
25
54
158
145
158
72
1
117
110
176
18
161
135
37
28
122
60
156
12
201
169
152
64
183
198
195
70
235
195
111
86
14
5
122
93
73
179
34
10
123
4
166
25
96
198
77
132
114
11
107
81
112
75
108
163
70
97
64
157
98
258
40
6
126
198
178
153
8
90
36
73
194
134
91
34
91
20
156
172
69
91
46
41
189
185
103
102
116
41
67
45
14
90
94
39
106
188
132
151
165
101
20
38
33
80
27
105
106
131
176
141
82
76
158
48
87
109
4
33
65
76
185
51
44
28
106
92
210
159
101
87
57
198
150
96
174
205
155
138
79
68
78
49
4
183
204
139
47
34
11
45
90
94
100
90
45
144
16
73
182
26
168
114
153
112
14
22
104
45
78
73
17
218
14
195
119
12
173
122
11
188
104
18
217
34
121
200
122
41
172
227
165
21
169
138
156
9
75
9
142
50
84
15
153
197
83
118
107
140
90
105
14
196
147
26
78
82
30
140
115
13
96
171
162
99
12
78
100
4
115
17
165
82
35
49
203
69
14
164
72
76
105
51
143
15
46
93
221
186
47
40
96
178
107
12
29
70
85
40
128
143
122
118
68
192
95
75
163
23
83
132
111
163
207
156
144
191
177
184
151
201
45
158
81
149
126
154
18
27
22
175
15
127
55
201
122
107
83
152
91
12
116
92
19
181
15
110
117
195
129
165
22
20
223
63
150
139
67
103
100
137
152
182
15
217
123
114
196
88
26
113
32
54
215
22
22
31
56
161
77
248
15
231
218
175
148
186
77
60
130
5
135
168
168
56
192
37
92
54
50
47
68
141
150
60
125
6
167
85
52
5
57
229
167
174
173
144
186
60
5
5
156
112
85
114
8
57
55
155
156
59
21
151
117
88
215
97
51
69
48
158
95
90
98
172
56
164
12
136
82
24
90
99
189
1
69
116
88
93
67
195
76
103
99
179
65
30
30
45
156
10
3
90
223
13
87
2
13
146
12
185
168
84
248
13
175
61
48
93
177
62
13
121
7
23
122
10
104
163
90
117
168
145
3
22
131
20
24
208
127
122
142
76
19
153
41
198
116
30
77
118
9
51
156
49
2
41
82
36
93
97
220
88
91
114
62
129
106
92
179
87
55
134
58
69
24
204
152
149
23
6
37
218
177
62
133
22
25
17
179
90
2
91
51
27
63
75
91
4
219
76
62
36
33
25
51
14
161
53
58
92
79
89
78
191
122
55
169
97
32
117
57
114
19
50
78
72
171
40
118
73
90
75
29
86
220
17
52
140
18
8
80
156
11
77
152
182
81
6
11
20
95
31
78
137
84
58
98
12
173
76
160
52
40
68
41
163
62
205
3
92
132
74
113
51
67
20
2
14
41
169
27
77
127
206
36
157
28
113
69
146
48
3
54
57
2
42
6
133
61
123
22
129
219
109
90
182
103
140
174
164
84
94
107
2
203
152
16
147
25
56
11
19
29
121
90
8
132
122
117
11
69
15
104
24
1
192
16
48
1
61
7
198
13
74
48
59
78
128
90
50
191
175
9
138
1
155
157
115
25
13
151
3
65
42
113
158
32
82
13
200
69
37
87
2
109
78
92
4
19
166
32
26
113
83
180
97
4
11
16
122
131
110
66
145
13
111
77
120
59
174
128
112
206
178
40
79
14
155
51
126
199
14
85
141
175
123
178
176
43
25
7
30
120
21
45
20
91
43
138
14
119
15
50
86
12
169
2
134
32
215
26
62
29
89
139
46
87
192
73
73
142
54
214
127
36
56
88
69
129
141
146
228
184
71
47
75
129
205
126
11
151
13
119
15
190
16
190
29
29
3
149
37
136
86
220
91
37
187
35
145
127
173
171
202
162
156
107
237
109
182
75
179
77
187
173
110
52
188
64
57
82
95
192
125
59
133
74
59
50
114
39
82
68
108
52
16
68
187
17
219
65
197
147
143
173
145
154
8
11
84
35
116
193
112
180
68
17
37
129
46
34
179
100
96
90
128
31
145
106
171
113
26
99
31
11
71
149
99
161
99
2
21
111
70
81
41
56
42
17
53
155
9
155
21
26
8
3
13
140
218
126
50
53
15
181
56
78
160
76
65
121
87
16
144
192
22
105
149
135
28
135
50
113
14
163
89
174
78
13
87
91
110
13
46
29
162
216
75
94
94
65
247
159
89
119
153
157
179
10
98
63
21
43
162
12
108
108
29
57
95
121
167
128
78
85
172
207
52
85
252
201
82
53
33
175
112
27
110
2
21
21
159
72
57
68
53
45
62
48
39
39
35
28
14
111
28
13
33
109
36
25
17
13
13
33
125
143
47
141
17
34
75
35
25
214
169
74
61
49
43
45
68
105
150
60
86
77
54
124
82
188
185
37
224
125
129
156
185
25
21
4
77
55
168
127
77
143
72
78
41
125
65
91
197
101
190
12
190
50
8
204
146
21
165
51
1
60
222
34
152
50
35
1
143
79
58
157
93
15
79
90
170
209
90
65
52
3
180
119
79
103
195
48
3
75
83
116
4
6
130
21
197
120
28
120
31
14
63
29
16
43
56
32
50
156
30
151
83
151
15
182
119
60
219
214
130
133
253
144
177
44
194
47
219
71
115
30
43
80
164
72
72
141
192
79
132
193
108
111
44
1
90
61
26
92
154
132
12
3
11
182
123
3
125
117
141
69
198
168
137
4
37
116
184
92
64
22
115
107
140
53
84
19
25
169
232
140
59
180
245
198
64
204
193
211
219
107
106
7
175
127
144
93
157
140
12
140
188
146
55
11
166
13
232
109
29
42
9
177
181
28
98
8
63
204
81
44
162
88
122
15
13
62
136
183
39
155
106
61
102
1
55
113
166
104
58
190
6
42
144
11
43
29
198
158
163
58
87
94
85
181
119
4
47
35
83
22
102
94
59
186
190
67
60
165
17
81
26
19
78
26
158
17
17
216
87
80
111
124
61
100
155
150
38
102
144
26
64
58
102
171
101
69
112
202
8
80
153
125
162
48
124
52
44
143
63
5
69
6
99
54
8
95
79
33
151
74
51
138
67
267
112
158
36
101
39
98
66
134
151
19
182
125
99
94
147
41
128
170
149
20
118
6
131
3
253
84
130
225
1
139
170
199
38
23
15
20
264
150
75
186
66
1
63
36
108
91
158
27
96
52
189
2
180
139
273
23
136
220
139
151
64
180
63
80
52
49
47
88
63
91
41
41
30
21
48
177
119
167
3
166
32
128
176
76
130
69
71
126
21
67
165
100
176
227
58
135
92
108
106
120
134
117
30
57
178
46
126
34
85
71
24
161
74
165
83
239
5
45
179
184
30
100
179
64
60
130
150
62
11
96
102
2
115
65
38
102
8
90
57
26
141
52
140
85
21
187
143
28
188
148
81
190
94
96
169
17
71
111
8
201
38
11
37
137
56
143
179
106
122
109
101
104
20
36
167
5
53
61
11
142
65
143
194
235
87
201
19
146
187
33
235
28
119
96
81
94
202
35
95
144
129
65
40
169
174
49
29
137
111
52
175
12
221
21
99
74
144
48
89
1
1
129
149
30
21
23
98
93
104
27
68
131
111
161
27
112
157
166
127
68
32
88
81
117
57
191
202
146
127
79
40
150
179
6
66
2
92
37
64
38
139
106
190
6
127
125
98
4
152
155
89
108
60
18
33
79
6
89
77
76
113
116
222
73
6
38
130
146
88
16
34
93
107
181
58
169
79
92
133
75
41
57
67
46
4
167
157
80
72
119
145
57
13
69
230
223
94
160
18
74
126
65
108
28
149
5
103
194
31
102
165
67
151
97
23
13
7
12
4
16
116
55
91
72
81
132
13
95
181
172
29
146
39
95
8
35
163
24
10
210
156
86
42
189
205
17
113
177
42
100
94
149
89
58
124
26
115
125
43
48
187
12
82
104
40
51
105
16
102
169
112
86
113
81
119
65
20
1
217
40
93
13
59
202
166
157
204
59
4
96
168
206
69
131
36
119
5
47
162
185
73
184
34
126
156
158
10
79
150
8
116
19
152
183
11
174
29
137
114
65
116
191
166
103
70
124
114
105
51
90
187
28
13
142
32
121
102
12
100
122
14
72
206
25
30
122
19
100
98
65
183
200
103
38
46
180
122
75
79
172
77
109
19
175
181
27
3
102
8
137
115
101
167
14
79
190
8
101
183
33
154
58
192
135
173
209
191
46
88
123
144
30
103
189
2
53
105
77
178
106
34
185
150
42
154
55
16
89
28
133
219
200
129
135
30
38
103
172
134
6
3
135
33
77
48
82
208
8
10
99
207
114
9
168
55
184
147
10
184
125
92
153
113
174
79
156
21
186
68
165
112
110
179
28
7
96
160
112
29
183
44
130
117
76
73
167
9
7
3
187
74
124
214
14
189
189
22
182
134
4
37
52
35
220
59
93
55
208
51
101
195
53
101
80
171
120
2
158
2
6
94
78
191
66
33
206
147
7
150
27
123
138
86
90
189
99
174
19
59
101
23
55
130
13
2
38
152
170
200
33
49
151
105
70
77
82
137
182
196
161
48
42
63
7
16
142
151
67
156
135
25
82
22
210
112
101
197
123
35
47
34
3
18
147
102
89
52
3
131
131
6
142
168
38
69
94
55
157
19
190
10
62
74
99
63
71
42
142
73
147
45
102
37
107
151
226
8
6
199
55
70
128
142
58
154
69
5
100
147
19
6
15
139
183
52
190
144
3
69
106
145
201
112
15
82
167
9
202
5
24
177
188
185
22
193
113
8
59
189
55
22
189
95
68
106
62
73
7
218
133
101
160
92
148
74
11
146
75
235
193
32
149
129
203
111
15
2
85
38
203
80
45
9
116
63
103
21
178
9
7
77
166
78
146
138
30
129
194
187
44
5
115
13
61
127
49
96
187
12
5
104
165
52
117
167
14
71
98
176
181
184
83
20
52
132
81
19
65
3
29
156
72
141
28
28
23
125
188
118
179
163
150
3
54
71
60
217
147
29
101
82
35
85
52
73
3
175
122
165
218
174
25
97
54
15
39
130
139
133
62
128
130
170
204
7
119
105
17
81
173
28
239
122
127
15
124
90
108
163
63
78
101
20
11
75
17
27
150
88
78
7
50
61
69
63
230
146
192
175
69
188
142
39
197
64
81
58
154
130
112
65
122
154
160
185
21
44
46
175
96
23
35
171
3
83
50
195
25
179
81
33
17
192
120
86
67
15
189
21
16
89
63
58
97
128
57
130
164
112
80
182
12
156
26
23
48
120
205
145
115
103
54
175
193
17
142
185
89
151
136
150
152
161
179
86
9
28
174
178
116
140
3
65
78
208
55
95
212
3
9
65
62
171
10
5
41
150
39
129
162
101
113
16
148
179
38
70
102
24
16
84
90
89
199
13
42
162
96
53
21
25
114
115
167
141
180
28
147
34
67
199
150
102
3
156
55
24
59
98
52
99
35
34
37
216
96
188
82
122
81
151
86
26
103
153
185
106
108
190
138
6
176
82
10
9
149
142
18
99
3
168
142
189
9
81
209
170
223
164
143
141
13
88
201
19
53
58
173
94
79
137
106
161
28
171
78
112
168
41
113
103
185
141
18
18
174
106
185
53
147
78
155
27
46
137
82
74
42
66
5
157
142
83
179
113
173
42
80
99
69
161
69
17
81
52
81
80
111
28
34
193
125
9
74
45
125
49
21
177
23
76
57
109
76
107
3
28
176
67
153
18
12
26
137
70
196
72
140
113
176
49
152
62
258
184
174
131
101
21
84
76
109
100
42
37
47
112
80
6
109
81
49
46
3
172
142
213
180
191
120
68
114
128
11
78
112
193
54
48
10
187
162
214
10
101
91
151
126
199
181
229
8
138
85
18
161
47
5
33
126
156
148
138
126
21
193
100
165
213
167
87
115
83
189
169
26
68
20
102
70
129
13
106
40
136
54
103
90
194
9
81
116
248
126
44
92
14
77
36
101
87
37
188
64
62
215
66
131
53
74
157
118
41
46
78
113
42
171
157
79
2
55
191
131
92
44
15
74
54
44
27
132
5
179
144
208
246
169
28
36
169
59
68
136
3
30
124
91
8
18
154
130
174
116
171
7
24
7
122
165
67
128
32
87
113
24
33
63
156
3
75
52
72
179
187
107
64
7
73
33
102
23
140
120
89
5
54
186
112
47
49
36
163
123
126
103
107
60
96
3
109
88
87
106
119
194
164
88
49
167
179
27
155
73
51
22
59
53
15
39
91
188
135
39
165
137
2
29
73
146
172
106
91
50
129
33
208
135
83
136
118
96
113
85
19
134
187
38
138
46
66
13
14
100
15
97
84
145
171
189
23
11
177
11
24
52
83
123
4
208
99
26
78
155
126
121
30
9
106
168
17
105
132
72
31
11
184
106
136
34
123
66
101
61
99
147
124
76
70
116
47
132
7
63
148
34
54
42
15
113
214
175
21
98
212
116
147
162
131
27
85
58
139
201
114
97
178
31
208
131
54
36
97
8
146
180
180
94
126
63
157
167
59
166
130
63
40
25
144
32
11
135
209
61
180
119
93
130
107
168
74
22
68
158
165
7
10
56
10
8
73
138
4
157
204
69
25
70
58
217
169
116
66
96
12
8
62
90
143
144
78
83
113
124
115
140
192
114
22
91
135
41
82
59
123
11
93
37
7
17
80
39
49
153
27
139
84
27
70
79
43
39
42
201
198
136
13
169
100
199
19
70
87
9
10
177
61
67
162
67
75
45
79
255
50
232
219
144
114
167
94
79
60
61
78
64
74
133
161
6
64
130
10
95
103
77
56
137
76
54
16
48
87
109
133
99
3
198
125
24
258
79
102
28
13
177
98
36
93
23
101
81
38
172
33
65
96
70
22
64
49
119
109
113
46
78
188
50
71
108
148
151
17
9
25
178
62
4
48
29
115
185
10
167
11
53
13
86
204
168
152
183
151
6
243
2
84
115
56
88
56
131
257
102
143
54
131
88
24
47
75
190
62
13
129
44
69
72
164
64
151
179
98
171
128
32
139
138
33
185
11
156
36
117
92
155
71
173
19
75
217
42
174
138
57
142
12
124
169
11
96
37
98
84
48
97
30
133
123
143
162
37
157
163
76
168
96
118
221
109
35
158
66
2
149
118
70
10
41
192
124
142
1
145
34
86
116
111
90
45
33
17
146
51
148
104
71
7
169
34
137
34
14
162
21
34
86
70
149
165
9
67
33
154
29
92
135
125
3
4
136
65
83
60
76
24
22
130
147
87
132
67
52
62
80
87
11
200
145
103
136
48
166
57
124
123
15
237
29
70
209
3
10
102
16
18
75
97
10
38
6
168
181
28
146
18
163
180
77
109
50
71
75
16
79
98
130
207
45
12
198
161
31
128
44
74
72
76
172
168
67
177
23
190
134
17
183
186
50
126
102
127
120
14
94
103
83
102
158
26
105
81
128
33
146
203
13
4
177
180
18
151
212
65
46
106
50
7
72
121
132
21
16
48
79
156
72
218
201
8
142
250
90
7
100
83
9
50
92
97
37
144
62
49
91
3
93
39
37
182
219
121
63
28
175
13
62
92
8
91
78
71
91
50
119
217
162
105
41
54
40
103
56
163
104
43
161
179
141
39
32
202
4
106
32
20
133
45
136
3
82
9
4
174
179
26
46
43
180
17
34
80
129
190
141
42
120
105
204
55
43
195
180
119
29
215
76
86
83
16
30
197
30
39
114
201
113
204
10
154
74
55
77
180
230
85
80
29
92
90
170
134
184
34
1
156
198
15
47
37
181
166
16
85
125
60
212
45
204
221
78
11
121
168
125
33
40
4
175
227
112
58
157
71
31
13
110
15
9
181
162
135
37
185
41
80
1
209
68
94
212
79
23
120
181
11
91
19
9
31
10
48
61
186
45
20
40
168
51
50
165
31
3
24
143
223
213
13
23
121
122
82
96
50
3
8
51
184
14
225
28
19
111
95
198
184
25
212
129
11
59
5
86
127
186
91
4
71
112
150
35
157
91
91
82
54
44
185
69
113
69
80
71
124
4
87
181
98
8
20
171
56
216
196
28
157
43
125
52
79
125
69
155
195
115
61
147
127
148
2
29
206
95
148
69
157
19
186
151
80
77
38
82
50
200
172
2
84
86
24
57
148
139
31
122
101
67
128
113
97
76
131
27
29
101
66
24
47
8
1
8
120
156
29
10
157
188
27
34
256
100
92
60
35
131
120
36
72
109
41
63
45
98
196
189
128
89
25
36
72
135
52
217
177
9
57
45
146
177
121
56
124
2
213
180
10
138
72
34
3
14
187
112
118
175
129
199
127
103
128
36
56
78
55
8
53
21
14
124
111
111
49
17
9
32
38
168
70
38
162
110
22
60
102
74
199
140
87
18
15
5
80
179
83
66
151
74
165
20
184
103
47
108
99
106
140
198
197
2
158
20
152
76
42
123
204
7
89
142
95
197
144
85
240
132
65
45
49
119
58
123
97
121
154
15
25
129
124
47
161
66
72
31
79
62
75
51
23
144
79
66
2
52
162
92
43
153
29
134
154
117
45
116
23
68
81
16
67
84
95
2
132
106
223
140
177
21
188
58
167
32
19
77
137
92
64
34
204
45
42
119
89
22
59
170
111
111
11
121
47
74
29
50
47
99
111
173
2
89
1
43
67
119
72
126
77
162
101
34
140
143
59
104
240
177
64
19
97
66
120
3
185
88
2
110
94
108
137
5
152
47
25
38
38
176
53
82
172
140
147
35
131
136
112
102
75
21
177
30
69
68
132
36
118
55
184
8
40
80
145
220
65
173
123
46
93
45
112
50
134
105
151
72
168
134
139
199
36
163
22
202
166
208
83
76
178
40
22
8
52
38
55
133
86
159
112
87
88
127
92
94
42
72
162
138
103
80
141
181
119
145
152
71
15
6
131
89
68
108
60
31
158
171
161
247
50
37
139
83
139
55
81
13
22
63
86
39
210
194
77
95
48
18
46
32
6
97
71
108
139
184
214
62
151
178
3
33
142
11
49
110
120
71
34
25
60
142
4
135
122
171
40
163
69
113
20
92
18
171
216
60
175
158
73
126
83
74
32
50
63
95
1
97
122
47
40
185
47
135
202
135
91
104
21
199
9
28
39
142
184
17
92
185
50
39
194
9
111
196
30
110
84
45
136
157
174
158
122
225
31
158
61
25
181
185
45
35
55
30
112
25
86
6
6
14
175
181
102
35
119
163
154
164
132
186
14
9
174
61
141
235
85
79
182
90
26
5
68
194
82
95
161
202
195
187
139
14
34
120
119
44
190
131
22
98
97
242
107
104
154
54
82
110
39
178
63
76
113
74
165
94
41
29
154
92
44
4
89
50
135
52
158
104
27
132
207
67
110
20
156
103
121
41
161
114
2
193
155
108
88
187
8
112
92
8
223
191
180
13
2
197
26
166
73
154
138
42
67
137
21
11
132
162
173
147
95
64
139
33
74
48
66
38
38
206
39
5
178
106
123
1
154
38
193
47
199
151
77
118
213
125
86
173
73
214
23
32
93
188
182
182
202
183
157
60
182
189
95
58
25
166
59
9
82
137
70
86
190
73
133
53
171
31
53
107
205
139
135
179
80
121
89
146
138
91
21
199
57
163
82
1
187
10
229
188
86
3
87
97
95
58
156
144
8
92
76
67
161
145
209
29
73
16
98
54
89
89
130
208
185
104
11
81
40
145
148
157
57
39
210
114
72
63
168
57
104
171
23
27
55
151
78
72
82
98
12
116
18
25
160
210
202
27
152
54
177
77
74
89
7
92
143
19
60
192
42
98
108
108
7
225
136
86
23
98
21
28
69
119
130
108
80
59
75
97
1
76
64
130
18
5
58
40
33
12
205
77
65
6
119
110
18
130
208
27
9
13
118
3
50
121
193
38
141
179
29
62
149
56
190
58
197
95
116
60
25
182
32
122
145
66
77
185
56
115
165
66
95
79
22
52
47
81
209
23
114
29
78
127
162
21
24
65
3
102
193
14
71
142
31
50
2
91
99
70
14
102
48
109
30
127
7
119
47
138
189
99
58
1
74
69
214
152
175
129
65
3
136
71
148
38
199
50
138
102
154
38
221
80
134
91
119
159
5
190
127
68
187
90
24
21
91
82
32
160
126
19
90
16
13
74
197
110
21
146
162
117
122
37
149
151
187
5
87
222
76
3
3
60
168
15
88
108
58
156
179
176
40
69
43
49
81
17
90
35
44
186
43
44
64
176
176
16
20
14
33
162
71
33
159
75
158
231
169
87
168
221
113
259
94
85
166
95
17
27
140
24
40
244
83
28
160
93
41
145
141
168
2
34
41
91
75
137
156
9
70
133
38
202
26
20
32
66
143
29
228
95
72
163
13
122
66
20
44
26
58
164
83
66
141
70
194
8
67
103
204
25
5
161
45
15
109
112
140
29
11
154
118
103
28
74
157
4
15
92
118
73
98
21
63
208
80
167
168
192
244
2
73
21
206
60
145
138
135
129
75
132
15
171
106
179
118
29
202
20
173
24
74
138
182
176
138
113
89
80
43
36
72
137
19
138
160
112
15
38
55
88
24
2
55
85
92
122
4
83
169
107
128
28
16
161
23
78
142
22
4
50
13
175
56
206
55
92
160
163
6
158
65
20
57
73
68
59
36
54
17
207
193
168
166
159
70
34
52
140
84
67
36
22
173
4
172
147
2
68
227
111
86
49
78
17
148
90
127
174
126
59
26
3
105
90
75
151
207
128
110
127
165
17
116
119
46
115
142
104
122
47
61
136
164
79
15
73
127
41
27
59
26
24
73
176
155
123
20
80
148
26
2
14
215
59
64
90
89
148
22
16
103
80
44
80
55
143
64
139
84
96
122
85
117
65
51
58
174
3
201
109
104
23
71
160
106
140
121
161
145
103
97
136
153
12
146
56
31
119
75
171
164
177
48
81
98
163
109
63
151
30
137
74
135
26
11
77
119
46
138
149
10
94
94
81
136
113
99
122
32
42
86
190
105
66
179
155
9
120
65
155
121
49
196
7
2
6
160
90
27
121
133
153
159
120
147
127
17
27
62
6
32
11
58
61
175
202
22
195
86
118
128
2
61
117
36
43
180
155
4
39
87
82
153
114
56
114
15
179
153
61
181
11
29
191
49
54
53
70
202
137
132
131
112
146
66
52
56
15
134
175
11
204
69
61
45
67
36
16
133
98
110
76
3
20
41
38
22
58
157
47
104
21
23
22
50
137
91
43
187
10
106
3
27
15
4
139
194
57
70
4
231
150
31
52
70
152
35
172
223
99
49
134
107
41
135
99
71
79
80
193
18
58
52
28
63
76
42
3
141
61
7
193
120
115
42
111
99
69
85
79
24
61
58
162
28
202
157
165
111
246
27
140
150
54
88
258
187
230
126
135
74
49
133
33
145
80
8
18
136
53
134
7
158
80
167
182
1
58
151
115
14
80
47
50
18
146
56
90
147
115
177
44
6
27
199
92
14
28
161
71
122
102
204
11
222
60
169
222
149
160
109
186
89
64
131
84
58
18
68
68
185
115
92
11
107
136
115
193
206
165
47
168
55
115
198
81
75
155
101
21
175
198
181
199
202
99
75
110
104
27
112
25
218
195
69
173
119
77
149
5
86
107
151
56
29
90
9
182
198
23
4
155
174
90
24
97
203
13
149
122
239
48
37
103
68
155
110
21
22
117
128
102
145
218
91
5
102
127
76
121
73
135
58
115
155
179
77
152
214
146
41
3
15
178
167
136
73
65
55
153
85
80
108
138
55
196
64
94
171
185
45
102
14
10
158
1
220
107
65
59
12
94
2
128
119
19
196
148
69
71
17
138
151
150
7
112
4
178
158
95
70
28
195
47
87
44
110
27
12
83
218
211
93
27
27
62
45
70
99
143
175
179
177
81
50
26
70
31
95
20
105
181
110
143
30
91
174
165
3
76
162
77
95
36
138
185
17
101
188
18
161
58
36
56
185
27
64
105
9
175
102
208
135
165
159
192
58
126
27
113
38
80
180
97
42
86
163
146
97
160
49
230
132
17
133
195
65
163
23
123
151
99
78
23
123
56
145
11
73
25
12
105
84
90
25
11
157
67
243
127
69
3
163
181
39
158
26
38
69
121
100
61
18
229
179
102
215
160
16
62
69
87
69
140
205
52
30
76
70
73
102
192
42
14
132
4
49
18
172
93
74
99
4
162
16
197
83
112
202
138
49
33
133
7
179
110
161
166
36
55
58
139
102
199
164
26
244
2
172
25
170
17
131
142
190
2
143
107
87
98
61
77
36
28
110
107
111
136
209
44
123
17
50
144
137
77
34
26
109
6
47
16
202
76
71
93
83
88
80
38
184
184
98
122
118
127
49
69
118
9
154
60
182
24
144
26
28
185
74
84
23
58
12
15
148
105
141
169
185
39
153
93
156
78
88
87
127
86
28
222
99
87
20
33
85
151
70
141
17
7
90
1
65
195
161
128
94
137
15
113
51
36
173
147
69
115
42
176
81
193
61
140
48
96
104
51
44
9
72
26
76
166
155
118
130
77
1
16
90
156
44
202
118
65
97
29
3
182
26
99
16
183
202
67
134
164
52
113
115
185
19
224
273
32
120
172
164
52
195
147
36
204
40
94
11
98
157
138
56
46
169
80
145
16
26
56
66
16
57
204
4
67
115
202
34
126
160
112
49
50
164
75
173
168
118
106
77
108
28
48
186
40
115
57
192
16
149
157
44
118
84
33
140
3
5
96
72
206
83
1
198
109
113
125
218
122
195
23
40
182
90
176
59
5
14
39
111
31
82
59
59
164
120
93
129
19
16
76
47
17
138
51
151
170
30
93
64
131
61
36
41
109
32
43
58
121
21
37
194
149
41
119
100
26
177
36
28
25
81
33
115
57
50
177
64
117
209
44
144
116
257
67
134
114
185
170
4
78
188
76
85
83
126
185
190
74
50
165
262
71
113
118
24
107
166
78
40
102
68
7
143
40
66
204
8
85
166
170
26
51
4
143
15
133
96
106
124
161
18
36
171
28
46
119
194
13
34
78
21
1
102
8
3
24
81
68
63
48
173
6
5
42
40
127
42
76
49
45
217
135
145
145
176
135
207
11
113
33
119
111
147
27
217
91
90
211
68
155
12
108
1
64
84
119
5
42
9
110
214
248
43
66
126
161
179
24
42
90
115
136
186
2
65
79
131
180
48
47
3
168
35
10
60
90
86
207
33
38
40
81
167
127
152
19
99
58
70
24
16
61
1
192
85
60
61
63
28
161
16
99
101
149
201
141
190
20
33
67
84
30
150
27
42
78
23
41
66
47
171
167
108
112
167
63
125
20
184
82
58
101
92
191
144
199
43
116
10
228
2
122
4
209
177
118
3
197
58
89
180
4
227
46
42
180
47
18
98
24
61
115
199
1
18
198
30
111
104
147
154
122
89
25
190
51
200
52
164
76
47
117
77
109
70
38
8
146
208
8
125
35
122
121
46
23
216
75
18
158
40
189
60
65
106
95
146
199
54
96
5
56
176
47
11
108
59
154
49
60
104
86
70
92
204
200
129
12
144
80
173
129
107
171
146
45
148
102
44
24
147
144
184
24
97
69
50
20
84
81
1
103
125
198
5
121
4
49
28
133
48
148
197
81
185
156
41
196
64
78
174
74
183
84
119
45
23
121
134
111
94
58
71
63
116
32
136
216
71
121
105
235
144
26
78
6
57
208
95
174
169
201
141
71
5
65
190
53
10
91
99
30
70
177
133
84
29
193
131
38
133
34
117
122
113
77
72
173
80
47
104
49
114
21
106
84
135
97
14
56
23
32
141
66
18
22
195
102
12
42
99
65
131
180
74
95
86
74
130
26
62
19
31
174
12
28
62
79
64
108
15
53
221
182
94
9
20
76
211
40
31
19
179
1
73
154
103
115
142
183
227
40
68
65
68
72
178
195
51
75
51
123
53
28
66
74
93
172
36
82
143
185
11
42
39
135
81
77
67
115
194
85
121
207
193
56
15
218
2
198
192
70
1
106
89
27
79
164
125
121
178
66
15
92
52
75
57
76
176
158
100
21
11
143
186
157
10
198
1
92
172
63
5
18
128
193
43
152
164
87
203
110
12
81
19
3
125
88
114
17
16
173
123
125
132
48
33
147
166
101
91
179
88
57
94
93
40
151
74
43
94
5
185
200
143
44
93
34
190
97
59
214
15
26
140
128
54
94
48
132
159
131
162
72
128
80
120
146
64
98
15
122
38
25
40
189
19
149
44
48
64
201
145
175
67
133
90
129
161
26
14
24
21
4
191
44
139
14
113
33
195
121
169
26
64
5
73
100
11
110
42
125
10
109
104
106
38
144
88
33
149
186
73
181
32
161
92
70
43
150
133
135
244
62
73
26
90
64
92
165
48
47
12
37
56
115
35
108
199
96
114
156
193
188
68
44
136
148
119
20
88
18
135
134
16
3
196
169
84
164
12
156
135
188
157
7
49
82
140
94
129
49
85
103
74
34
32
4
210
66
95
3
168
34
55
135
55
62
3
101
110
58
122
82
22
89
90
108
92
33
11
70
164
17
257
158
87
5
132
2
161
170
66
174
180
136
52
124
83
127
53
54
13
188
59
53
74
51
29
161
71
89
5
114
16
153
176
167
95
124
12
27
49
74
189
59
92
110
77
13
46
109
90
55
123
36
132
50
161
128
191
35
146
189
83
86
193
30
73
27
51
43
110
56
69
115
73
196
15
32
42
18
72
7
26
40
119
186
84
50
182
89
26
192
42
81
206
13
82
182
90
101
186
207
20
108
30
8
115
38
6
47
195
83
6
93
205
159
142
12
24
50
12
97
202
11
58
3
19
89
17
135
201
93
3
25
97
121
176
58
256
160
93
32
211
71
168
185
97
201
136
86
26
201
98
96
105
2
167
24
104
21
133
32
87
6
40
76
149
91
181
201
166
226
82
177
28
10
100
113
147
50
104
108
157
53
1
10
29
194
43
207
83
114
85
139
106
2
231
17
17
151
53
52
9
70
83
58
82
119
88
44
41
197
7
23
113
146
55
65
137
22
117
4
240
122
12
18
148
62
90
106
48
173
30
45
27
149
5
74
17
50
147
58
150
13
129
189
131
169
20
190
109
163
3
54
122
173
40
141
17
186
105
204
29
81
57
45
153
171
190
32
57
17
186
27
104
209
142
34
99
22
18
110
241
177
14
110
79
52
164
66
169
31
151
204
118
32
91
29
55
36
149
104
147
76
72
16
42
104
86
209
158
59
190
187
109
102
134
83
156
7
148
76
162
43
39
95
41
163
169
191
56
153
42
200
67
37
5
130
49
50
70
24
27
162
31
95
174
128
186
1
47
5
114
26
11
233
33
173
23
147
214
117
68
126
80
95
142
59
128
2
119
31
48
83
175
48
146
146
38
53
24
8
10
111
171
150
142
77
64
90
78
154
120
105
67
155
95
204
51
64
147
45
33
24
14
111
190
61
176
166
187
21
54
46
190
28
46
87
179
47
92
238
18
167
90
135
8
141
158
75
105
71
85
10
66
7
67
172
43
81
45
128
2
33
154
91
36
106
82
147
150
28
150
26
207
51
152
38
114
98
148
121
248
187
43
197
99
77
6
66
54
67
11
49
196
57
231
143
99
129
195
78
146
6
191
21
180
118
97
10
176
3
57
82
123
14
203
119
1
200
35
37
44
128
68
72
85
94
172
203
86
6
60
100
27
169
62
128
198
200
58
63
133
122
170
177
15
33
7
156
38
109
193
171
13
172
129
63
69
23
5
22
63
79
32
72
201
196
45
24
180
193
188
183
94
68
55
151
33
105
49
96
173
9
112
33
9
18
107
204
92
198
82
91
6
127
162
154
7
143
38
6
7
16
20
173
48
100
9
21
119
140
15
17
75
169
44
141
50
212
43
149
94
22
118
123
19
63
103
88
94
151
92
79
28
122
40
35
79
203
133
35
46
128
75
179
96
145
196
201
71
23
50
16
134
37
118
35
116
47
146
115
56
100
67
109
18
156
99
90
155
209
5
174
129
124
80
191
102
147
119
176
5
57
238
201
151
3
171
5
14
247
181
34
181
23
127
7
185
233
178
118
141
124
187
164
25
26
4
159
107
100
15
89
118
89
45
93
32
111
52
43
56
88
79
26
25
80
58
141
120
120
34
157
101
73
106
177
108
248
24
81
21
152
144
52
6
221
105
41
126
4
209
115
215
26
166
218
93
8
121
212
200
92
122
57
56
83
165
186
198
147
88
86
77
189
151
132
223
62
91
120
10
10
31
153
78
120
127
164
158
132
126
160
120
152
202
89
144
4
196
34
174
10
17
133
16
54
11
145
110
153
34
42
96
190
131
172
9
118
109
92
106
98
26
192
152
78
21
82
198
95
126
172
108
189
97
144
199
147
187
80
90
12
183
6
90
7
39
174
116
65
29
69
117
188
174
92
129
151
25
98
178
75
155
10
154
148
97
136
16
151
24
113
40
37
113
198
38
31
40
75
46
63
195
193
73
34
52
196
136
50
141
76
226
156
86
134
21
185
69
7
11
42
65
56
159
191
56
22
192
139
129
121
183
156
21
10
57
50
123
42
103
51
41
2
154
63
39
100
152
55
145
52
126
92
71
58
34
7
31
29
74
55
14
20
204
177
215
6
102
123
239
91
10
64
154
198
48
158
180
106
23
110
124
30
98
155
39
31
194
39
80
110
80
22
1
39
150
118
207
67
10
40
31
143
7
181
175
138
107
173
87
33
116
154
196
164
157
53
16
133
184
10
79
150
106
48
125
91
111
57
7
86
46
120
58
100
142
156
140
105
9
148
28
127
56
146
197
104
29
18
163
196
120
23
153
89
81
41
129
119
176
73
169
3
31
127
58
31
158
35
34
52
187
6
89
67
127
110
5
78
18
177
11
182
120
30
134
212
164
152
177
75
103
78
120
93
135
100
184
168
35
160
26
89
99
68
145
1
33
1
162
33
125
106
59
4
176
134
71
199
164
144
193
179
116
81
163
56
42
22
94
47
5
39
169
38
18
219
184
110
110
64
111
135
76
25
27
42
37
159
13
3
159
50
14
186
141
109
145
137
7
152
93
9
80
51
196
63
78
171
197
39
97
75
44
39
151
199
8
92
195
147
115
94
144
42
84
104
186
31
56
45
4
30
132
64
176
155
52
112
162
32
173
220
125
34
225
221
167
58
115
163
7
178
128
10
88
149
31
29
167
48
68
199
67
71
9
153
7
109
93
91
69
187
64
57
106
229
149
24
25
103
77
8
138
53
205
99
93
125
43
30
157
194
38
193
151
102
25
1
81
42
48
120
74
11
84
129
9
232
83
56
93
191
44
42
28
82
87
3
100
32
175
6
130
69
175
86
38
221
13
111
1
6
115
104
78
126
51
121
38
8
63
120
112
13
172
129
83
81
2
110
162
11
77
44
64
4
183
47
64
102
166
3
2
5
75
149
115
101
128
126
41
7
74
15
40
23
11
198
112
189
135
85
144
59
31
135
130
48
164
179
140
10
92
84
160
188
17
197
127
58
90
53
68
29
14
84
123
47
162
84
86
217
103
28
117
67
186
199
81
28
189
84
36
32
214
46
135
29
68
175
34
7
109
63
107
9
64
64
193
103
81
95
71
36
114
110
104
193
54
129
188
36
20
5
59
9
40
22
52
110
103
110
123
169
70
51
92
151
189
153
94
100
123
17
46
189
137
24
87
16
48
148
19
69
4
98
74
33
169
54
163
193
114
47
128
9
96
50
4
154
18
97
41
5
135
41
92
65
251
49
115
200
102
174
36
62
11
48
64
14
100
77
4
2
131
128
68
80
99
188
22
73
32
59
64
81
73
160
59
72
131
40
130
43
172
50
32
10
45
175
148
199
178
18
44
94
148
187
93
188
133
47
96
173
60
104
20
37
159
34
123
67
26
140
55
200
146
113
195
34
46
50
38
51
179
24
12
69
20
42
32
66
55
216
116
64
126
28
118
39
18
83
153
125
163
68
132
159
2
41
46
104
36
55
71
34
156
129
97
133
16
14
36
30
34
49
3
32
159
193
86
181
191
92
57
68
195
198
23
1
61
2
166
144
174
43
50
44
83
150
10
113
160
33
16
29
85
78
175
46
113
153
194
162
25
105
52
60
92
178
55
148
61
5
58
119
61
25
159
87
137
90
148
77
69
184
145
141
140
91
146
6
140
51
80
54
176
163
147
9
45
105
29
97
4
2
88
46
8
81
17
68
136
159
100
12
103
77
30
103
87
158
143
100
8
170
61
60
37
158
96
8
47
157
184
13
179
14
83
182
206
3
52
197
118
133
25
121
194
154
166
8
174
88
75
19
5
53
132
104
54
83
199
202
178
88
107
16
1
130
103
22
25
155
119
147
30
44
171
157
52
75
101
104
5
34
47
176
55
92
185
64
157
183
62
16
75
43
2
75
29
221
122
146
11
65
247
70
185
44
56
106
168
84
99
120
161
145
221
104
89
63
20
121
44
180
134
38
114
144
65
177
178
227
44
99
9
62
176
55
204
115
104
64
5
118
76
175
192
31
101
71
114
82
96
7
20
43
213
150
100
180
199
170
91
41
91
54
115
225
14
80
51
81
182
133
180
186
180
100
116
6
91
54
189
94
117
85
86
195
59
136
160
174
90
43
229
141
49
40
110
103
20
174
92
81
24
19
107
94
89
41
32
112
153
179
170
32
153
89
72
167
70
165
44
196
188
84
158
57
102
52
205
119
107
200
114
10
176
230
64
122
199
37
114
182
83
144
116
39
4
120
115
160
12
78
63
189
201
159
156
235
229
57
109
144
63
84
174
228
126
130
4
8
124
14
214
50
10
30
23
89
188
163
81
23
50
116
16
85
199
164
206
45
149
15
126
134
99
140
36
111
40
86
124
210
31
62
81
60
47
61
127
60
160
98
11
73
152
62
3
184
47
47
6
16
11
81
154
99
155
142
133
163
50
159
164
212
93
170
47
139
41
203
68
18
209
86
21
99
112
33
76
53
28
90
172
85
100
165
109
97
119
72
140
41
93
34
130
120
26
110
210
224
181
184
126
205
94
171
74
132
5
189
38
35
135
45
160
28
59
94
142
2
163
110
58
186
73
11
194
98
3
17
42
91
17
139
80
85
165
41
8
60
26
157
108
58
97
107
3
11
118
100
58
9
117
144
124
161
51
24
144
57
153
84
148
138
23
60
5
40
31
119
76
124
139
123
131
90
133
148
117
106
127
96
143
51
45
83
61
74
199
54
204
97
178
5
100
24
33
177
159
173
88
104
109
165
74
211
97
245
199
109
5
87
172
43
20
130
24
105
85
92
189
195
71
148
52
175
156
52
132
4
65
22
12
58
74
88
202
83
93
204
188
40
210
195
88
106
87
96
42
31
41
13
86
108
11
106
104
163
81
193
52
181
216
207
55
48
143
110
136
61
62
29
30
21
40
8
144
150
62
116
40
197
77
145
158
108
64
15
64
81
51
7
23
165
95
20
168
75
14
8
77
102
101
163
59
235
87
69
91
63
177
80
15
174
150
12
152
100
229
134
70
74
165
67
118
164
129
181
226
128
63
46
33
75
127
185
142
165
125
134
39
9
147
76
94
135
220
75
100
33
6
15
11
101
123
197
137
55
114
122
6
52
146
198
159
73
224
117
136
31
28
185
25
87
145
6
27
161
40
89
10
63
110
84
189
78
113
107
162
163
54
63
51
22
172
54
126
138
130
48
54
5
89
63
18
35
192
41
21
23
71
88
58
109
32
136
5
29
35
15
22
70
11
158
67
45
109
55
49
145
105
110
158
156
117
229
77
43
72
40
16
51
179
22
211
51
24
22
19
198
117
147
208
190
163
39
52
135
24
151
8
146
100
156
32
156
147
162
102
18
16
133
46
201
5
96
30
136
186
123
60
71
194
71
174
66
5
139
85
100
122
12
103
45
189
120
86
148
2
53
179
95
53
132
213
110
13
187
2
47
138
175
108
171
59
158
101
91
72
230
64
131
146
101
96
98
144
67
57
8
25
171
20
27
113
16
111
57
79
87
60
181
118
125
138
122
50
88
55
9
8
34
49
130
9
133
58
67
13
88
116
210
67
64
143
18
9
129
70
60
14
107
172
167
68
248
46
18
198
27
175
11
170
209
99
47
112
1
93
153
95
33
147
46
201
142
82
62
89
160
11
102
2
26
98
115
85
12
116
80
11
103
46
49
41
176
58
137
38
18
216
47
72
36
45
45
184
3
117
141
8
177
133
6
3
11
98
125
199
117
57
178
54
5
80
3
92
108
33
188
176
10
190
145
65
91
147
5
151
27
145
101
72
1
100
69
21
39
58
24
14
99
18
132
197
34
80
4
79
189
162
120
48
66
3
106
85
153
85
78
33
207
15
184
168
63
65
103
12
112
16
57
141
52
192
11
176
180
160
250
165
33
177
13
88
44
175
52
42
164
94
190
157
90
20
48
51
212
22
66
133
11
14
50
46
208
190
61
9
71
127
2
63
60
156
190
221
10
112
110
98
34
90
45
52
159
210
204
118
162
35
111
184
123
130
66
46
3
88
117
54
215
181
97
31
143
108
114
17
49
111
27
107
192
77
134
82
19
37
68
50
198
166
47
13
69
177
217
64
213
62
85
181
103
106
12
33
122
3
119
175
15
81
64
162
135
72
184
187
170
92
202
15
185
133
28
6
204
57
21
171
123
174
58
68
45
1
80
8
32
163
77
165
201
60
3
164
121
146
34
107
60
94
188
17
85
22
148
44
124
174
82
138
123
67
201
112
208
7
156
215
130
104
29
82
73
22
173
93
128
