4258.698
4531.582
4186.559
4257.067
4177.362
4301.815
4061.053
4349.839
4443.342
4203.095
4281.552
4181.548
4404.555
4172.643
4393.798
4286.516
4301.018
4487.683
4190.422
4337.831
4440.953
4448.879
4485.673
4091.77
4122.748
4322.195
4377.196
4269.788
4292.821
4301.966
4643.618
4300.744
4194.186
4248.829
4378.744
4887.732
4259.188
4504.446
4342.465
4264.977
4341.652
4223.057
4511.575
4360.21
4385.358
4389.967
4359.638
4337.623
4411.491
4252.764
4165.845
4346.294
4362.671
4254.627
4135.711
4390.431
4218.067
4101.448
4322.318
4485.278
4305.547
4429.781
4277.062
4252.766
4272.768
4302.089
4427.392
4641.007
4164.67
4326.98
4554.509
4163.509
4457.562
4335.816
4242.03
4123.445
4297.225
4276.951
4369.137
4928.0
4302.065
4184.028
4250.886
4109.189
4441.111
4536.022
4574.389
4385.969
4198.506
4529.677
4146.627
4188.088
4300.472
4249.438
4236.543
4449.717
4328.608
4236.566
4406.471
4122.417
4304.378
4215.775
4395.236
4334.601
4475.785
4125.0
4312.622
4253.352
4600.25
4549.303
4463.008
4446.593
4358.903
3998.099
4167.161
4132.946
4115.376
4229.219
4351.404
4511.46
4140.649
4417.279
4149.365
4155.018
4327.127
4174.58
4166.45
4347.366
4432.636
4665.134
4448.99
4364.087
3865.791
4156.639
4338.215
4048.839
4381.103
4081.777
4467.503
4049.248
4437.187
4412.628
4508.028
4372.721
4558.658
4298.798
4518.612
4404.026
4348.717
4394.476
4215.519
4283.548
4252.673
4384.2
4179.847
4110.59
4418.568
4351.043
4289.754
4627.997
4504.897
4539.022
4559.204
4553.811
4148.905
4507.167
4597.348
4507.398
4481.6
4145.502
4456.379
4386.166
4278.152
4790.397
4545.495
4238.468
4407.056
4539.076
4528.926
4292.931
4428.021
4351.962
4493.343
3919.901
4403.236
4248.268
4423.946
4516.059
4419.129
4257.679
4347.23
4298.396
4225.907
4202.406
3940.406
4529.414
4330.004
4400.826
4375.517
4211.806
4581.692
4143.172
4566.022
4483.563
4385.08
4301.506
4353.88
4288.919
4316.213
4100.595
4516.849
4438.658
4375.012
4343.045
4429.794
4430.594
4239.983
4431.126
4351.159
4368.939
4226.231
4357.439
4489.433
4132.752
4513.458
4238.011
4296.674
4510.981
4276.72
4449.457
4217.838
4355.215
4495.663
4197.378
4171.0
4673.368
4394.935
4350.677
4536.505
4692.284
4128.636
4203.559
4348.771
4621.213
4048.11
4334.435
4343.905
4456.654
4282.262
4147.81
4095.241
4407.799
4352.325
4276.415
4422.341
4343.69
4527.348
4482.992
4211.752
4426.588
4242.708
4099.75
4520.728
4291.966
4227.167
4575.402
4506.119
4585.356
4540.404
4312.1
4340.767
4329.693
4763.886
4081.083
4433.601
4174.972
4440.082
4229.131
4594.668
4469.355
4467.555
4679.829
4400.948
4376.232
4767.98
4271.491
4297.779
4351.979
4087.979
4712.643
4567.819
4400.639
4231.725
4510.702
4387.952
4278.729
3865.524
4404.935
4354.507
4207.409
4211.484
4462.812
4192.515
4798.774
4338.141
4210.954
4519.31
4198.818
4339.729
4502.341
4589.212
4075.703
3889.105
4276.756
4211.393
4511.654
4141.887
4454.88
4283.635
4159.502
4289.233
4434.554
4321.381
4223.548
4327.515
4524.466
4560.095
4245.299
4402.272
4479.774
4050.006
4832.248
4378.863
4186.427
4270.906
4500.483
4222.526
4226.503
4455.564
4316.269
4212.533
3989.916
4433.33
4334.937
4241.813
4243.158
4451.718
4592.969
4394.915
4382.868
4420.536
4343.948
4635.725
4268.532
4281.559
4133.969
4237.326
4411.076
4359.827
4328.398
4286.907
4300.433
4320.857
4287.533
4445.663
4413.242
4416.391
4576.336
4393.149
4463.604
4342.893
4554.474
4298.249
4183.426
4235.092
4363.738
4313.277
4503.6
4591.603
4293.881
4465.974
4296.661
4346.881
4642.205
4474.06
4393.127
4340.35
4511.681
4475.061
4593.988
4164.333
4660.04
4274.756
4554.273
4167.695
4558.87
4518.206
4399.508
4244.687
4236.441
4229.791
4470.32
3978.204
4771.345
4045.008
4202.417
4418.284
4326.826
4392.175
4310.865
4104.61
4038.795
4220.66
4292.688
4236.963
4385.521
4236.564
4103.017
4461.333
4497.342
4371.257
4310.398
4490.414
4086.096
4420.622
4551.67
4359.523
4333.234
4626.875
4367.77
4060.862
4435.471
4473.888
4225.321
4361.656
4134.341
4513.943
4434.252
4383.147
4533.292
4361.502
4450.161
4137.48
4346.648
4464.39
4329.878
4137.766
4275.03
4556.836
4083.305
4351.839
4658.518
4373.159
4428.554
4322.338
4509.503
4278.966
4257.846
4519.621
4237.571
4504.419
4442.451
4412.528
4493.62
4059.465
4531.567
3796.652
4434.72
4650.405
4344.305
4544.519
4358.396
4579.425
4474.719
4655.928
4251.961
4529.637
4273.51
4364.009
4215.852
4479.081
4234.335
4013.862
4197.096
4653.344
4531.512
4340.92
4095.939
4151.851
4526.694
4478.396
4358.376
4447.992
4413.369
4602.826
4224.418
4281.146
4177.112
4124.761
4261.144
4184.261
4222.14
4599.83
4047.004
4788.136
4447.548
4218.718
4532.806
4062.651
4257.981
4360.195
4395.953
4296.094
4298.553
4444.153
4389.479
4173.362
4260.254
4200.933
4453.708
4461.606
4562.978
4120.607
4427.415
4256.467
4312.399
4379.178
4207.841
4182.984
4326.667
4236.454
4438.013
4164.947
4498.996
4419.22
4341.833
4345.064
4242.162
4356.911
4217.473
3964.682
4266.015
4283.048
3901.531
4269.192
4421.42
4488.562
4498.664
4400.21
4274.018
4370.017
4577.277
4353.447
4368.661
4149.318
4259.433
4587.421
4352.769
4472.703
4431.8
4343.339
4342.313
4430.848
4253.811
4648.924
4075.654
4279.022
4200.002
4670.186
4476.168
4474.436
4122.421
4519.963
4383.288
4195.911
4589.301
4342.574
4289.212
4495.435
4150.967
4741.223
4029.168
4377.822
3950.792
4498.079
4267.944
4213.626
4343.223
4257.828
4412.721
4249.43
4176.768
4288.526
4144.225
4249.345
4520.132
4197.233
4311.134
4350.017
4236.385
4371.263
4111.109
4384.269
4491.912
4523.619
4104.55
4628.732
4197.082
4373.377
4433.105
4500.974
4424.975
4410.647
4397.967
4398.102
4502.733
4590.598
4286.408
4410.259
4115.856
3978.032
4483.673
4523.868
4336.448
4235.47
4201.124
4224.352
4471.978
4328.935
4321.75
4506.956
4353.643
4260.699
4377.29
4336.261
4359.094
4453.857
4370.189
4297.237
4379.251
4396.757
4191.277
4464.72
4401.454
4294.741
4353.391
4607.809
4522.665
4079.968
4498.966
4686.256
4370.341
4369.457
4339.394
4470.587
4689.297
4559.156
4392.045
4307.861
4263.903
4277.442
4122.826
4318.896
3914.818
4312.514
4520.676
4444.482
4392.527
4111.167
4539.133
4346.933
4401.888
4167.222
4460.267
4426.374
4308.818
4325.303
4401.841
4091.319
4335.087
4157.147
4394.066
4204.731
4316.68
4270.921
4337.2
4280.742
4350.827
4182.393
4556.312
4225.222
4484.806
4179.141
4446.414
4498.619
4314.077
4241.67
4684.901
4124.656
4398.966
4360.338
4168.983
4644.149
4542.058
4191.689
4353.285
4388.945
4157.713
4415.7
4281.666
4299.898
4275.443
4230.711
4341.609
4217.157
4191.351
4492.284
4573.604
4153.767
4238.449
4345.783
4574.826
4057.233
4319.58
4441.164
4219.021
4136.564
4497.573
4370.073
4552.396
4426.536
4381.083
4316.476
4388.168
4502.923
4085.148
4244.785
4241.886
4185.784
4231.452
4695.045
4269.656
4538.683
4382.12
4234.87
4301.946
4362.701
4253.289
4271.399
4295.986
4312.044
4202.433
4400.097
4197.612
4223.493
4423.383
4685.944
4372.511
4483.806
4425.791
4180.685
4382.778
4438.055
4407.362
4478.4
4105.719
4585.594
4385.39
4697.421
4173.759
4235.396
4267.361
4449.73
4269.747
4388.563
4307.503
4351.114
4489.879
4307.546
4347.71
4171.507
4306.478
4049.717
4394.888
4466.665
4271.846
4398.355
4470.754
4554.631
4174.46
4407.933
4242.42
4363.251
4648.37
4405.121
4268.324
4173.05
4224.726
4087.724
4457.032
4264.97
4393.961
4916.148
4548.052
4555.952
4368.436
4311.979
4661.072
4552.934
4412.414
4014.407
4293.767
4316.108
4595.963
4696.157
4313.316
4255.95
4430.121
4146.987
4341.842
4669.461
4186.915
4550.682
4310.961
4391.856
4231.95
4442.889
4335.195
4396.495
4276.183
4299.33
4723.728
4452.68
4248.515
4372.27
4257.706
4187.968
4060.019
3971.445
4432.589
4358.628
4306.978
4165.938
4279.878
4241.736
4164.6
4227.547
4207.395
4212.866
4696.627
4456.532
4306.187
4385.809
4246.739
4538.313
4251.44
3976.47
4192.044
4404.054
4503.305
4208.325
4061.531
4485.858
4223.202
4421.627
4174.466
4223.019
4546.981
4025.052
4559.253
4661.143
4353.298
4407.455
4203.995
4131.029
4381.002
4241.675
4586.846
4340.954
4347.672
4469.103
4285.812
4529.438
4305.872
4414.695
4830.287
4398.776
4464.548
4118.274
4232.392
4451.673
4316.19
4200.684
4200.024
4452.239
4619.535
4363.374
4390.837
4338.837
4458.447
4610.39
4158.203
4224.455
4600.547
4551.045
4414.992
4305.845
4656.213
4343.745
4160.298
4050.758
4019.089
4479.312
4468.271
4184.597
4273.233
4167.748
4385.863
4515.212
4127.165
4635.94
4599.884
4358.664
4337.561
4362.084
4347.766
4466.488
4073.106
4652.805
4002.03
4055.15
4314.17
4096.647
3982.827
4496.941
4566.41
4233.791
4364.188
4339.253
4593.607
4623.552
4435.471
4344.336
4251.504
4385.273
4471.4
4405.14
3978.451
4329.009
4383.208
4093.526
4317.404
3856.373
4092.484
4175.161
4568.049
4317.31
4145.96
4239.986
4260.739
4448.655
4447.808
4183.824
4517.169
4448.071
4163.928
4190.989
4388.781
3986.08
4277.79
4442.329
4320.33
4634.207
4034.754
4452.121
4175.887
4386.849
4296.536
4265.213
4424.756
4155.982
4277.325
4321.779
4144.618
4462.856
4286.206
4465.354
4175.972
4336.699
3984.524
4574.251
4254.366
4552.139
4543.924
4356.615
4338.782
4194.663
4327.718
4340.993
4597.617
