94.072
96.446
95.285
96.195
96.792
91.578
97.097
97.471
92.641
97.264
97.12
96.886
93.101
95.418
91.456
96.936
94.78
97.963
93.508
101.099
94.939
96.614
95.605
92.173
97.069
99.12
95.608
94.465
97.063
95.275
94.667
94.821
96.113
93.687
92.137
93.254
95.203
92.354
97.15
97.252
92.679
94.571
93.379
98.466
95.424
94.009
94.939
93.077
95.439
95.987
91.601
97.289
96.357
95.512
96.192
96.758
94.934
94.407
90.72
99.311
93.464
99.314
93.78
94.296
95.019
91.931
93.488
93.887
93.791
96.187
97.731
96.761
95.284
96.283
94.478
97.365
94.055
89.699
96.773
94.516
95.347
95.456
97.005
97.788
95.837
95.716
94.579
93.92
95.003
100.675
94.438
97.425
96.879
92.883
94.802
94.814
95.006
95.252
98.999
97.66
94.738
97.218
96.522
95.715
92.641
95.267
95.755
95.083
96.584
96.416
95.811
96.096
96.367
93.857
96.602
95.005
94.405
96.449
97.428
96.287
95.221
91.4
92.15
96.976
94.625
91.551
94.637
97.191
92.018
97.667
93.501
92.103
97.295
92.972
96.02
96.006
95.508
94.853
96.4
95.801
94.126
92.742
95.752
92.377
94.096
93.561
94.399
93.408
97.495
96.009
96.509
94.931
93.19
94.891
97.875
93.95
95.452
97.204
96.131
95.257
96.569
96.299
94.22
95.807
93.52
97.115
94.64
91.767
92.217
95.948
98.276
93.935
97.028
95.646
93.198
92.487
99.486
95.084
96.815
97.21
96.572
95.48
94.848
96.011
94.573
96.016
97.239
95.269
94.281
94.371
95.761
95.271
93.657
93.576
96.221
94.716
95.658
91.797
98.464
98.365
92.136
96.545
89.733
98.564
98.532
95.819
95.395
97.057
98.743
93.995
95.197
96.322
93.367
95.601
95.915
98.518
97.162
92.881
94.243
96.317
97.157
95.19
93.059
96.019
94.901
93.586
95.591
94.096
99.196
91.074
96.554
93.568
94.999
94.651
93.779
93.815
93.114
94.082
96.32
95.21
92.143
95.399
96.386
93.741
93.512
96.887
93.809
93.834
96.999
94.778
90.506
97.153
95.34
93.173
98.844
97.749
94.076
94.247
94.443
94.028
96.372
94.723
94.136
93.966
94.465
96.443
95.798
97.416
94.92
94.955
96.72
99.246
97.342
93.923
96.382
94.014
93.948
91.057
96.708
95.889
93.717
96.288
96.606
96.638
93.961
96.276
91.169
94.429
100.366
96.226
93.193
95.966
97.506
95.223
95.288
93.758
95.721
96.365
92.861
91.852
95.621
95.84
94.16
97.775
94.528
90.079
96.054
93.891
94.918
93.524
91.658
99.055
97.496
91.818
93.311
95.352
96.793
92.683
92.575
99.303
94.76
92.728
97.204
96.735
95.011
96.799
91.887
96.268
92.254
94.389
95.666
94.738
95.114
99.644
94.213
93.5
92.358
93.612
94.311
98.201
93.637
92.427
97.993
96.334
93.031
96.4
95.003
93.612
93.614
94.058
92.111
95.972
92.075
93.456
97.441
99.792
96.662
91.893
98.068
96.103
94.857
93.171
89.225
93.304
93.02
98.508
95.494
96.431
92.071
97.138
94.752
93.929
96.424
95.069
95.845
94.065
98.918
98.687
93.067
95.956
93.68
97.602
91.394
95.608
97.111
95.475
94.136
93.993
94.27
94.364
98.263
97.592
92.061
92.328
96.189
95.223
97.534
93.473
94.346
91.319
96.498
96.094
93.666
96.889
95.197
94.747
97.06
95.819
93.687
96.956
97.628
93.076
92.996
94.776
96.836
96.467
95.614
98.629
94.153
96.276
96.64
98.304
95.206
95.707
98.92
93.7
94.633
96.718
97.654
96.824
97.978
93.861
92.659
95.959
95.229
93.171
92.503
97.406
98.608
92.876
94.574
93.759
93.391
95.064
97.41
96.528
94.411
93.846
96.884
94.118
95.292
94.15
97.705
96.829
98.034
92.881
94.78
94.856
95.228
95.705
96.172
92.173
94.592
94.152
96.969
98.783
96.62
95.298
96.235
98.54
95.778
96.416
98.401
94.83
92.327
94.992
93.404
93.805
97.007
94.203
97.847
96.32
98.647
96.491
93.529
93.806
94.171
97.649
95.732
94.816
94.092
95.548
93.883
95.11
98.025
95.758
97.89
93.41
98.632
93.413
95.263
94.362
93.367
93.404
99.873
93.673
95.492
93.189
94.96
96.845
94.229
92.886
93.711
96.219
97.715
95.595
97.307
97.349
96.007
96.369
99.431
96.567
98.43
90.499
95.488
92.145
93.893
93.916
94.564
91.344
95.019
96.229
95.624
93.462
93.48
94.785
93.37
93.021
94.722
95.884
93.297
95.099
94.93
95.788
93.327
94.911
97.171
94.361
97.7
95.883
95.83
97.325
96.627
93.128
93.368
93.533
95.502
96.525
97.855
95.433
92.864
97.821
94.407
99.322
97.757
95.529
94.948
95.117
98.677
95.63
94.72
96.44
96.426
96.47
92.67
94.276
92.961
94.69
94.369
95.232
93.124
96.195
94.476
93.245
91.971
98.982
95.237
96.829
94.358
92.54
94.465
96.803
93.744
98.466
91.451
93.803
93.763
95.568
92.737
97.378
94.163
92.786
96.744
94.068
94.555
96.366
96.73
96.649
91.148
95.725
92.955
95.524
97.676
95.362
92.631
93.954
96.694
95.509
97.696
94.528
92.213
91.646
94.26
91.228
98.966
96.474
92.581
98.332
95.409
98.988
94.718
97.629
97.095
95.36
94.842
95.663
100.641
96.964
93.049
96.774
96.046
95.689
96.917
94.972
97.122
95.443
95.249
87.982
92.546
96.419
94.47
96.29
96.19
94.109
94.347
94.37
95.805
95.598
94.961
97.082
96.932
93.982
99.706
97.245
94.417
91.675
94.215
92.775
93.921
96.267
99.377
98.197
96.246
91.782
96.68
98.389
92.867
93.719
92.417
97.44
97.842
98.576
95.246
92.437
95.408
97.162
95.484
94.109
92.786
94.519
92.103
95.988
90.75
93.109
93.265
98.282
93.341
97.725
92.014
96.152
94.2
93.298
92.475
93.775
96.537
96.647
90.996
94.032
96.463
97.823
94.628
93.139
97.338
96.792
98.155
96.338
96.893
93.454
92.16
96.156
95.916
93.293
96.061
96.922
93.688
95.985
92.77
97.84
94.977
94.263
92.235
94.495
96.516
95.007
93.53
94.135
98.402
98.971
95.158
96.197
93.991
96.871
92.872
95.185
94.051
97.772
95.425
89.893
94.37
95.465
96.045
94.315
94.227
95.602
95.978
95.318
96.292
95.289
94.877
93.552
97.501
98.094
93.406
93.482
94.029
94.094
91.132
96.448
91.681
93.805
93.51
90.081
96.198
93.3
95.066
95.074
96.809
94.897
94.612
96.227
96.488
99.105
97.163
93.052
93.857
93.234
95.554
91.767
96.675
91.446
93.886
92.19
94.098
95.324
94.118
94.09
96.633
93.581
95.712
94.228
95.378
96.364
94.915
94.71
96.145
95.405
97.548
93.718
95.465
94.841
94.836
95.66
94.198
97.649
95.526
98.538
93.594
96.546
92.09
93.089
94.47
94.826
93.608
92.696
95.097
95.118
93.324
96.367
98.142
94.819
96.863
98.156
94.16
95.709
92.875
93.973
96.206
97.546
95.101
92.705
94.448
97.185
92.691
93.342
93.854
93.977
94.158
95.865
94.691
94.676
94.155
94.304
95.721
93.757
95.046
96.027
97.426
94.078
95.771
92.844
97.06
93.382
98.498
92.077
95.054
97.328
96.646
97.129
95.122
96.121
93.005
94.172
97.646
95.762
98.102
93.993
93.555
93.296
93.166
95.151
92.408
95.582
99.678
97.127
94.152
96.53
92.131
91.848
96.288
94.761
95.849
93.062
92.894
92.459
94.394
95.142
96.302
94.595
93.541
96.945
96.943
92.98
96.875
93.962
94.166
91.822
94.815
96.404
96.484
94.41
95.08
96.512
94.776
98.814
97.281
94.3
93.769
94.742
97.453
94.117
90.765
95.894
92.662
91.679
96.422
97.472
93.396
98.103
95.893
98.01
97.554
92.157
95.115
96.385
94.611
93.117
94.598
97.639
93.227
94.299
94.986
94.924
98.427
98.442
95.386
95.226
96.667
99.076
94.713
95.769
90.292
93.604
94.071
96.691
96.324
94.25
92.645
96.381
92.493
95.226
92.584
94.911
93.829
92.647
94.146
92.052
95.539
94.997
95.858
95.726
93.06
94.17
97.379
90.683
96.034
96.316
93.074
95.716
94.374
95.754
93.754
99.214
90.776
96.123
94.826
97.271
97.091
92.398
94.669
94.496
93.346
96.604
95.134
101.129
92.722
95.682
94.403
97.978
93.401
98.317
