204
169
196
236
12
150
85
129
140
12
59
56
223
140
21
124
178
115
152
62
46
5
63
249
237
117
17
176
170
215
62
164
139
4
138
186
24
223
15
30
30
31
30
150
65
51
108
38
270
90
71
63
68
176
268
231
224
10
251
36
39
227
97
77
7
26
83
130
97
253
158
136
284
197
195
314
146
12
144
16
238
80
351
84
3
201
228
209
273
227
107
61
32
341
55
263
24
62
102
136
124
258
291
118
17
290
318
77
106
279
68
42
52
97
94
32
299
283
192
36
65
30
119
105
184
187
88
6
56
72
101
253
46
213
140
9
276
8
155
147
139
59
23
93
150
107
129
246
261
299
265
69
60
284
126
57
12
91
220
6
271
262
105
232
105
9
121
296
102
124
227
164
41
91
106
198
14
1
91
123
53
35
208
268
103
54
255
100
161
233
105
242
69
286
199
226
136
239
253
22
2
178
10
53
177
84
110
225
23
136
162
10
82
194
166
70
171
210
132
8
59
102
265
183
44
99
192
134
19
161
103
39
75
91
205
161
20
268
90
107
121
111
23
226
120
174
101
212
114
151
235
23
79
268
37
66
105
135
198
50
168
82
95
91
190
200
65
204
79
166
63
99
235
4
29
184
166
164
157
148
49
111
79
101
83
211
304
1
31
251
14
78
202
96
40
18
133
240
136
240
176
65
51
6
240
171
31
169
87
69
100
248
25
216
84
164
229
54
41
265
175
41
76
120
275
189
124
26
243
235
235
75
233
101
238
70
67
131
205
192
119
196
193
138
245
92
71
241
91
5
142
326
66
127
258
143
187
91
85
129
22
51
160
81
38
128
334
267
215
275
235
60
293
175
256
143
236
128
48
79
253
1
225
272
78
93
136
149
39
256
143
48
94
80
172
53
204
61
4
43
209
332
181
175
284
129
93
214
196
124
170
205
60
235
119
50
47
9
269
46
76
222
82
191
190
203
48
31
76
260
81
165
169
70
158
225
82
12
83
272
12
2
123
230
136
118
170
150
54
271
279
198
57
54
295
97
124
7
75
69
51
259
26
233
89
236
188
2
131
181
62
102
263
19
183
13
275
186
272
257
59
2
332
142
7
9
71
140
115
123
145
120
168
278
271
122
77
209
100
233
91
28
31
188
81
55
231
153
54
257
244
29
304
180
33
82
31
278
38
259
227
197
117
51
153
186
158
163
20
215
181
223
201
177
102
144
57
101
58
154
118
142
54
114
138
25
141
43
138
147
7
60
306
202
129
85
168
250
164
105
177
138
124
145
10
209
82
250
169
112
135
216
239
86
329
132
1
87
66
155
44
265
133
155
288
145
140
44
137
140
170
100
128
103
51
30
327
63
179
171
222
29
86
179
152
70
285
294
183
1
229
14
161
9
167
37
261
230
107
37
77
123
181
249
200
60
161
204
10
55
312
98
70
56
28
99
142
112
147
263
255
15
176
277
5
20
160
232
343
75
129
87
7
201
100
127
134
171
45
8
144
79
67
225
12
191
24
63
136
175
175
164
72
295
136
112
121
94
258
62
170
296
61
29
138
62
245
19
175
46
14
57
24
52
250
93
271
175
104
1
121
96
127
248
154
80
119
11
93
139
232
192
69
60
194
93
140
37
13
260
34
30
215
263
90
190
55
34
2
8
327
109
83
147
92
47
80
116
156
116
30
179
270
102
1
191
33
166
239
91
296
82
87
74
117
35
211
164
188
112
234
320
163
26
45
22
151
191
272
277
187
322
49
64
99
45
228
284
238
187
246
209
75
206
253
137
105
59
132
80
53
193
84
177
143
4
1
128
195
187
23
357
216
248
203
37
122
141
17
55
222
194
196
191
218
136
248
336
113
278
35
219
303
126
16
36
43
211
57
30
34
240
102
192
177
210
160
19
120
8
333
308
77
235
6
178
116
19
139
214
242
114
183
6
233
139
184
4
12
98
122
158
218
204
215
49
81
80
29
271
149
169
16
248
109
84
105
40
38
8
242
274
157
148
43
197
118
225
132
60
126
14
169
292
84
114
25
38
38
188
110
15
98
98
91
181
241
163
140
22
89
279
239
195
254
101
115
63
66
162
335
286
206
218
102
251
154
229
298
2
104
191
117
130
80
238
267
173
7
110
2
147
95
93
69
223
140
248
243
162
132
41
9
191
173
196
67
48
31
225
90
103
39
152
106
114
253
131
284
259
52
250
251
127
25
7
87
220
57
151
152
15
244
257
58
276
118
149
280
201
36
62
210
37
170
109
251
76
130
105
151
146
263
209
187
87
122
280
313
222
54
114
101
118
97
142
38
185
68
3
185
129
187
279
67
146
49
79
189
35
112
121
227
169
7
253
109
15
223
15
166
20
194
173
117
1
253
106
49
142
72
296
242
20
38
87
66
289
41
102
92
152
138
224
170
367
205
90
50
241
253
167
196
265
88
64
186
30
286
34
242
146
89
22
129
4
213
110
38
93
153
107
33
8
135
157
201
221
11
86
176
4
117
4
139
167
25
9
53
264
179
38
261
34
36
200
257
105
43
128
129
131
45
177
208
46
177
65
55
48
150
214
172
120
268
140
32
189
190
189
146
201
31
38
38
203
231
206
105
193
112
150
314
16
89
288
188
78
159
267
14
81
242
19
270
237
74
67
241
281
82
356
233
98
36
29
20
127
122
285
62
15
44
257
159
317
9
115
59
169
90
203
310
123
105
170
210
169
196
190
166
24
230
162
12
175
83
264
185
49
86
307
12
48
325
54
305
173
108
4
14
131
1
265
137
184
76
39
96
145
152
67
85
313
277
222
19
245
138
260
268
230
76
226
40
179
182
83
22
182
148
225
280
268
148
263
65
299
291
254
89
212
74
284
233
11
96
39
117
85
186
169
25
14
172
38
103
310
159
108
226
62
133
245
111
37
257
231
40
153
266
239
155
132
211
284
93
111
59
29
209
154
306
45
222
273
259
19
232
102
172
129
122
72
192
159
58
149
162
23
222
294
78
19
233
282
119
166
98
141
37
208
42
46
56
81
291
22
244
206
13
246
269
22
192
69
237
6
41
64
5
294
174
168
207
253
141
29
201
47
118
1
300
177
91
88
75
54
178
11
83
249
125
108
95
74
96
152
100
236
122
201
90
77
43
63
283
91
28
20
173
174
191
161
202
44
13
297
23
268
16
65
162
218
95
212
169
280
126
305
209
85
20
80
43
233
52
285
73
173
192
110
114
217
7
124
207
142
60
14
95
266
240
95
192
265
67
162
96
50
236
145
280
167
29
149
67
95
170
110
63
14
126
177
240
221
160
278
68
194
62
51
5
50
13
16
137
30
163
20
236
204
283
162
61
164
16
7
54
21
79
92
218
127
167
191
299
206
1
97
70
98
101
15
256
83
143
96
298
16
268
124
5
174
202
172
40
202
18
171
50
284
151
27
21
75
256
153
177
178
170
314
225
30
237
70
114
206
170
168
40
8
274
188
288
217
204
197
68
134
134
44
14
262
70
217
226
170
180
162
269
223
157
148
147
280
87
60
180
45
129
239
130
200
92
16
153
304
178
78
162
87
250
80
207
29
43
108
93
116
88
37
4
148
260
205
8
264
45
126
199
57
275
296
167
232
80
36
264
137
52
255
115
151
177
65
150
277
141
205
122
262
134
34
88
1
19
57
86
149
59
80
99
218
61
107
189
85
345
206
296
1
227
38
208
69
164
136
72
211
117
278
255
46
305
156
26
65
58
157
263
27
239
77
268
142
137
160
68
280
123
268
251
3
22
135
52
58
29
120
37
99
37
315
240
138
198
296
269
84
93
171
19
126
17
151
228
118
135
257
81
85
15
261
49
116
86
53
231
99
3
252
167
209
216
79
196
95
122
210
246
35
166
13
101
196
210
22
292
34
30
114
115
275
322
193
218
44
140
234
117
177
82
150
70
29
92
256
139
61
245
194
197
116
103
52
45
16
99
280
90
92
252
151
59
74
4
38
86
68
284
2
283
197
281
179
282
170
257
111
27
43
139
29
114
58
133
264
17
58
4
36
162
210
119
273
172
151
200
132
18
248
12
9
119
236
69
98
51
127
16
40
1
134
273
118
92
153
3
104
191
46
28
140
20
140
170
140
261
31
90
103
18
59
74
18
163
276
81
133
162
182
188
292
63
18
64
271
257
56
28
210
47
233
31
146
304
286
25
56
198
80
174
114
83
31
209
159
141
305
282
249
31
193
124
241
266
28
120
81
107
164
76
266
130
246
208
73
83
282
76
72
1
73
81
40
256
188
207
288
96
132
122
69
285
192
25
131
242
113
207
153
27
83
56
187
156
99
52
86
278
272
93
305
73
109
164
108
12
240
34
29
303
250
170
31
1
122
4
28
253
139
166
35
48
251
76
13
101
122
12
56
100
26
160
63
53
233
131
120
42
109
29
67
156
98
201
118
208
92
236
57
107
119
152
30
206
119
18
21
227
259
89
5
328
44
85
156
263
185
130
121
70
117
209
126
28
65
84
247
113
80
203
214
101
88
40
142
31
93
43
50
169
46
151
280
63
120
110
87
187
108
158
109
139
236
274
288
262
175
102
129
208
128
11
132
51
53
204
121
1
158
54
311
111
75
134
61
38
293
270
152
66
185
177
122
166
213
65
98
130
154
217
97
190
243
132
113
68
57
105
82
158
21
103
45
119
188
57
217
89
139
164
296
64
86
260
87
139
87
73
129
88
216
229
99
186
212
47
96
70
58
131
147
39
78
80
148
70
81
137
200
250
165
73
123
272
269
33
141
80
81
116
16
167
61
122
102
201
41
119
263
172
69
114
98
121
48
100
76
114
266
201
96
90
169
48
52
219
10
74
148
142
129
221
30
68
120
22
140
100
157
70
208
170
140
74
80
255
184
205
175
236
127
114
103
195
33
36
42
238
281
258
8
169
179
29
178
69
90
262
8
199
259
339
19
160
3
75
187
187
41
37
195
166
123
248
48
214
183
64
31
26
129
213
47
229
98
299
58
9
61
180
80
21
225
231
221
185
130
289
248
279
13
121
1
40
166
164
25
92
7
98
251
135
53
26
88
40
99
67
121
48
85
3
212
37
193
287
277
86
166
10
220
48
245
298
30
111
111
210
229
148
74
67
63
227
29
91
89
203
131
340
131
49
30
327
42
197
5
63
161
217
9
187
24
312
93
59
243
58
202
253
166
31
12
302
5
40
206
271
203
187
344
73
54
104
45
130
264
69
261
196
259
144
110
138
139
8
149
37
93
215
80
16
204
194
124
172
139
115
109
251
203
144
184
177
301
78
57
34
166
289
87
167
143
258
146
160
115
271
25
70
173
4
25
279
68
13
17
179
48
33
22
154
141
74
245
38
147
321
63
132
97
182
93
46
261
4
93
233
99
115
35
5
147
74
139
87
11
120
119
86
244
106
245
107
270
340
28
15
233
94
100
151
6
50
29
132
291
127
74
230
114
80
205
169
30
272
152
138
105
215
199
46
85
2
94
122
227
264
7
27
170
221
179
58
15
146
74
151
117
161
5
166
8
80
277
113
27
344
52
12
196
122
203
78
197
129
223
210
280
67
153
268
217
66
119
272
250
11
111
132
130
262
91
71
40
145
106
268
318
195
113
163
11
157
147
160
32
1
47
145
31
66
16
192
263
29
189
288
180
69
215
155
26
30
168
325
53
27
119
308
195
131
95
39
112
6
51
288
13
8
2
278
221
320
29
3
48
141
1
7
99
64
190
21
126
82
46
182
136
171
138
285
296
119
179
298
57
272
71
137
111
259
31
49
238
100
118
83
56
195
14
11
30
30
182
96
135
181
170
166
137
119
71
94
35
53
223
210
326
290
116
123
145
21
2
98
103
13
177
113
220
111
177
134
307
118
78
91
43
154
127
251
194
112
127
143
248
212
137
99
229
51
221
149
207
39
16
178
57
166
10
271
27
19
282
97
196
14
25
46
10
226
198
161
26
12
218
219
34
77
41
35
248
16
43
206
178
128
47
4
87
146
102
27
82
238
317
188
209
172
14
161
360
53
271
232
253
278
173
15
29
217
146
188
198
34
28
14
53
95
274
125
245
54
14
173
1
101
104
43
38
244
130
157
127
125
279
85
61
42
142
303
176
111
13
113
61
197
232
67
14
138
12
111
105
76
27
68
130
18
35
8
73
132
42
72
8
15
58
196
277
7
184
121
45
57
99
183
89
123
218
255
181
35
129
278
273
6
104
290
15
199
142
23
23
139
308
106
240
231
147
290
132
154
29
336
210
231
164
55
110
168
14
105
39
58
114
322
147
44
165
28
143
171
31
24
35
215
285
111
153
254
279
205
48
72
161
267
268
36
78
8
161
60
30
17
183
264
174
134
123
26
88
221
33
55
111
109
127
16
187
246
35
170
214
115
183
116
70
25
232
178
196
96
159
100
203
65
191
96
210
261
205
12
175
64
36
64
16
109
102
20
213
15
63
183
333
39
88
70
134
79
69
22
132
139
151
115
77
52
195
188
24
76
52
5
118
68
128
143
212
109
250
186
110
132
223
6
30
207
1
80
37
95
280
47
240
32
137
142
223
26
48
259
90
154
58
144
9
322
94
76
282
83
152
23
114
41
155
45
218
18
337
91
236
208
90
20
168
185
36
3
135
261
206
131
260
128
311
149
41
68
148
64
67
131
316
168
261
71
96
64
44
255
60
141
124
104
190
162
319
26
171
213
219
80
71
93
44
77
68
63
290
126
100
236
138
293
32
314
164
6
328
66
68
89
283
44
31
81
102
234
79
75
97
213
333
11
56
52
18
289
274
214
29
312
168
104
89
176
207
118
116
125
257
74
87
34
199
225
25
180
209
124
5
264
160
81
169
38
79
282
169
302
54
224
251
289
179
87
268
178
11
99
211
257
40
2
70
167
22
206
18
70
14
19
81
216
326
54
275
171
251
200
261
6
108
39
99
165
10
74
112
4
142
118
30
22
209
50
6
301
239
202
180
212
272
55
36
48
207
138
136
314
9
97
323
279
169
101
100
2
41
51
225
242
102
128
37
54
112
132
19
162
124
246
171
213
303
76
50
90
213
38
37
24
77
12
24
156
234
186
90
172
11
169
260
247
77
296
200
131
223
16
51
38
313
174
141
7
226
192
47
142
155
175
243
116
245
249
6
145
240
201
16
213
192
247
142
59
94
140
66
2
98
251
200
148
253
21
37
20
151
46
107
227
74
145
3
124
199
211
84
23
46
42
127
23
28
266
273
44
139
15
13
88
280
172
281
14
15
178
167
131
140
3
250
211
45
263
16
85
127
243
232
277
32
12
226
88
22
8
10
56
194
102
120
179
65
202
6
282
58
273
89
55
39
60
242
258
193
92
162
188
289
315
54
68
178
73
121
136
73
70
118
2
131
247
148
43
139
176
10
66
22
186
94
36
141
260
75
59
231
138
18
61
60
249
19
151
15
36
148
79
33
274
114
183
174
292
228
124
75
71
65
5
162
147
249
58
210
307
28
115
125
47
232
186
124
146
280
138
72
198
78
238
285
49
17
182
91
14
132
146
177
98
141
32
194
136
149
259
15
287
59
175
234
150
210
21
114
122
51
116
8
204
146
218
244
307
193
118
140
46
179
228
32
20
149
17
200
186
152
90
45
99
61
157
77
64
242
211
258
133
144
71
284
346
58
233
159
69
138
257
64
26
352
64
138
188
251
198
268
200
33
73
50
21
227
114
10
235
203
191
84
214
173
1
7
142
176
257
111
137
124
229
150
5
199
47
45
69
177
263
13
23
258
188
23
189
267
136
180
195
339
1
122
79
101
48
185
185
246
260
20
225
142
40
100
204
142
181
30
65
197
180
141
65
211
71
100
166
272
387
46
210
189
238
86
1
178
141
84
103
34
207
45
44
116
216
142
65
3
70
76
112
90
240
152
95
214
139
187
36
175
317
105
138
129
75
112
15
159
11
183
25
75
221
60
69
145
7
49
3
172
257
279
130
61
9
36
85
257
38
104
53
55
45
139
25
323
127
66
163
179
60
124
63
54
117
150
12
4
37
27
1
133
192
232
85
177
85
117
168
273
68
107
160
124
285
63
191
251
269
2
46
187
68
43
30
101
187
3
201
39
289
37
191
106
167
276
177
54
160
35
271
51
51
195
216
263
166
195
277
246
248
161
30
127
151
231
281
190
66
195
131
220
183
308
36
247
180
29
264
64
47
60
152
128
22
10
92
25
214
66
123
23
237
25
222
137
186
110
26
282
49
136
259
6
56
19
206
52
87
19
17
111
55
199
163
46
66
9
72
126
110
21
191
121
242
20
219
274
40
149
174
235
246
34
250
262
212
51
322
140
44
174
148
240
81
189
44
159
7
167
141
170
53
39
1
176
213
81
171
157
118
163
286
284
35
72
98
57
124
16
275
244
61
159
124
29
45
235
1
25
225
289
302
124
135
189
19
48
115
70
258
100
264
155
104
133
290
93
233
240
265
269
192
195
217
8
203
144
192
4
280
34
23
220
175
261
191
200
148
122
257
23
293
64
117
172
29
38
141
136
256
53
153
269
68
145
180
183
106
23
39
92
104
106
9
130
118
156
226
309
71
62
228
230
210
23
201
207
53
22
181
101
255
291
38
62
174
4
172
234
31
89
11
194
13
83
65
94
80
112
149
35
48
13
107
95
71
57
23
17
65
147
173
85
269
186
89
28
205
11
136
260
89
25
85
74
278
74
200
134
46
183
242
23
23
221
286
71
178
239
202
87
218
78
257
57
125
72
171
212
269
301
91
104
72
94
281
187
189
215
28
287
257
266
200
217
276
20
172
19
213
172
104
44
233
160
199
172
276
243
187
217
74
229
44
134
32
37
96
1
132
62
155
76
253
216
17
178
90
29
147
165
180
289
102
1
238
119
107
135
112
228
15
237
52
258
91
225
12
63
229
180
53
136
142
192
156
80
249
75
144
86
147
161
93
98
195
18
51
88
147
286
71
91
169
95
33
83
239
269
337
275
300
137
88
221
89
202
170
53
49
28
83
36
77
246
267
206
93
23
152
131
71
194
54
58
238
15
200
134
187
185
24
125
243
177
89
203
199
233
25
207
126
29
129
198
74
42
235
146
120
136
248
113
171
122
47
68
91
119
231
39
146
163
300
153
87
269
201
181
125
4
65
244
17
142
199
61
172
33
33
129
83
51
76
179
120
219
119
124
51
1
214
165
7
121
151
139
89
178
147
97
171
52
14
272
194
90
11
80
284
87
153
191
207
157
136
106
164
178
153
30
99
142
73
92
24
32
269
88
102
164
6
9
171
117
73
86
146
254
111
73
17
171
3
199
177
154
13
210
240
222
214
157
137
156
41
59
238
92
36
37
134
211
189
212
58
112
175
131
247
83
22
58
184
208
259
101
120
95
195
47
246
123
125
47
48
250
24
127
73
52
5
221
324
98
36
276
234
89
91
286
17
111
33
14
116
16
10
214
54
72
223
34
11
192
2
93
150
67
95
18
99
214
193
105
164
181
136
127
30
42
67
274
28
101
37
52
12
103
49
43
89
92
113
205
70
20
85
78
80
148
48
74
56
163
50
2
21
40
162
216
73
14
154
114
79
314
214
215
72
95
285
177
119
164
142
190
86
163
156
281
70
240
164
41
31
158
141
43
1
20
19
1
234
218
272
117
244
33
260
6
144
283
72
125
65
199
143
126
191
97
182
42
179
168
101
79
123
122
259
274
45
56
282
34
64
158
239
143
121
161
235
242
138
188
17
199
46
79
40
282
20
276
245
259
120
301
212
119
136
59
9
71
75
278
14
185
83
242
186
38
18
60
295
142
214
81
14
174
82
98
42
313
8
34
129
45
84
65
99
94
130
293
47
197
1
278
12
265
149
11
41
85
123
321
58
78
115
145
60
253
19
148
13
88
176
125
182
92
227
146
44
104
36
168
91
84
39
123
134
70
205
96
155
3
95
48
125
117
212
93
157
184
94
77
187
166
140
182
197
111
18
143
261
52
22
41
195
201
245
307
234
172
86
116
117
126
269
42
22
57
269
4
262
221
86
63
333
211
8
191
213
173
136
119
1
67
261
32
190
124
122
24
131
122
106
141
54
209
142
185
226
35
103
116
45
14
257
57
47
108
116
200
260
79
21
119
2
188
160
221
65
131
229
31
145
73
13
78
157
275
216
45
167
173
223
107
270
95
97
183
76
256
262
137
187
201
103
81
13
12
46
58
117
198
203
82
60
115
111
157
259
205
101
64
297
64
162
158
48
337
277
4
131
153
161
117
46
222
76
44
212
149
12
229
200
50
259
59
61
173
268
242
270
208
36
229
32
68
256
123
112
263
88
31
37
206
239
278
179
17
115
256
85
69
294
136
211
16
6
7
98
199
222
52
31
63
255
245
140
7
87
48
27
47
263
186
100
335
156
60
9
2
130
186
38
88
215
279
29
80
94
63
173
114
224
217
13
122
40
92
122
176
99
84
156
35
154
139
218
95
19
72
76
282
208
30
119
45
198
137
59
36
213
254
13
43
320
248
277
102
100
191
60
274
55
192
52
31
108
65
132
44
302
152
104
82
123
96
120
158
95
120
82
49
27
44
111
201
115
187
95
64
12
111
206
283
162
214
57
122
256
256
54
56
52
242
178
14
21
203
8
176
31
274
234
146
12
280
60
302
162
216
165
19
268
146
221
158
35
192
80
110
70
163
255
101
42
16
87
162
62
183
65
211
298
12
155
108
1
133
88
114
99
188
207
231
113
31
144
252
104
163
176
76
6
227
163
190
103
94
191
145
154
244
297
108
160
37
182
195
186
89
272
85
231
119
77
119
167
136
18
160
91
113
270
166
190
1
148
60
263
71
42
264
55
264
126
280
307
262
247
55
86
128
195
23
194
102
157
12
66
78
53
185
167
232
106
82
49
47
67
148
3
145
69
130
119
34
239
251
36
301
45
285
187
133
177
183
131
16
51
152
26
30
125
74
10
67
211
101
41
160
141
290
107
102
210
285
239
142
228
189
269
209
139
177
298
237
228
98
152
96
13
313
44
158
31
155
312
11
14
147
37
13
183
118
27
205
315
169
230
287
224
259
90
27
112
9
253
121
66
53
208
134
34
220
206
164
91
51
215
23
205
91
191
154
248
84
108
78
14
99
235
66
44
102
17
145
171
99
42
82
28
19
9
249
74
256
105
269
13
123
133
60
92
203
132
271
216
189
128
94
86
45
92
7
190
226
53
287
96
117
167
235
272
3
20
57
192
301
86
39
122
238
46
18
125
101
345
264
150
79
43
111
49
55
21
289
26
1
123
204
11
116
204
15
72
48
68
153
82
260
66
291
79
90
71
251
295
265
104
51
31
240
71
139
83
173
31
235
280
262
178
212
64
62
115
202
47
22
148
230
163
166
36
161
200
257
324
195
165
36
4
177
110
84
52
186
39
52
284
165
34
87
16
83
169
79
296
253
89
59
269
74
66
88
40
87
261
117
61
141
221
45
257
89
12
109
56
111
322
181
23
88
235
347
222
313
172
35
170
78
9
175
279
227
63
65
250
247
246
264
204
93
275
233
55
7
262
295
138
23
22
144
57
286
160
149
20
2
25
231
205
229
36
299
87
160
103
9
79
132
35
99
245
78
236
29
97
178
291
201
93
34
94
237
32
48
8
35
80
87
128
118
32
165
101
57
260
187
74
193
34
50
21
42
62
83
61
42
39
170
118
89
76
34
201
142
115
42
135
5
50
136
66
117
73
161
24
1
269
83
242
1
31
43
95
218
87
263
86
125
229
261
23
57
1
2
12
125
189
220
91
211
92
51
28
160
66
169
107
131
99
28
150
98
34
111
13
59
193
302
268
104
25
163
28
41
124
65
1
249
52
12
103
185
169
177
237
51
66
4
174
297
128
46
157
3
312
262
165
81
210
227
277
145
189
59
34
13
24
181
199
84
42
238
235
124
93
271
3
91
163
81
68
208
54
33
58
201
23
15
15
33
11
86
152
143
54
149
64
58
275
348
34
130
293
150
44
310
218
88
11
65
137
280
182
72
9
120
247
11
173
127
238
48
204
20
59
16
35
1
205
113
28
251
18
214
220
219
129
21
113
245
28
283
240
108
120
173
116
60
78
53
193
149
9
67
9
115
72
203
44
262
57
32
197
150
3
22
132
225
89
48
89
11
48
183
243
173
273
180
99
26
28
220
279
348
42
91
234
2
148
95
64
42
250
67
208
77
188
11
5
91
311
1
197
265
13
158
3
20
153
185
70
170
155
15
244
281
72
113
10
40
72
79
169
139
22
135
86
9
95
133
208
1
214
179
153
248
134
166
154
253
177
23
238
68
47
102
178
161
98
17
120
88
112
182
103
263
92
165
171
171
11
168
211
285
63
152
128
42
93
208
162
145
17
154
55
246
119
294
158
59
164
70
88
283
13
97
8
256
266
101
223
81
277
222
78
234
92
226
233
136
178
99
12
146
275
12
114
206
142
197
169
122
167
99
54
36
102
1
78
9
192
19
230
248
145
21
182
27
79
121
13
284
218
104
73
237
108
76
240
284
81
133
286
14
268
34
187
219
237
76
79
276
254
73
260
150
215
64
155
84
166
90
72
242
79
103
240
73
102
263
43
2
151
142
205
326
115
63
63
97
97
25
187
147
140
55
54
86
277
274
246
82
240
101
280
85
36
231
166
153
193
356
262
31
171
167
17
173
84
119
23
182
132
69
145
203
141
133
155
128
60
180
123
224
136
67
344
16
70
11
74
232
206
157
265
57
77
231
253
151
232
183
209
34
227
44
140
43
10
56
170
20
152
58
269
31
164
118
176
123
12
40
215
1
114
78
30
236
173
42
187
77
119
267
126
21
185
92
278
30
159
162
128
72
127
272
193
275
155
143
240
15
76
216
101
199
112
52
89
143
127
303
111
171
234
22
235
268
194
166
39
186
156
92
139
74
133
202
287
173
185
100
82
164
16
284
207
61
66
242
265
110
269
186
160
51
70
113
15
147
172
113
74
258
28
145
13
164
146
104
107
20
265
69
136
62
141
261
125
249
72
327
88
218
38
118
81
131
256
259
36
282
7
136
35
90
113
44
41
5
304
182
262
223
125
33
8
271
26
139
284
6
45
15
96
11
210
110
54
66
98
295
249
276
249
173
120
68
171
136
274
104
237
76
249
155
257
172
24
253
216
222
102
55
16
189
96
55
200
1
62
219
1
346
216
112
124
118
272
64
14
73
13
231
9
56
233
144
37
242
27
35
209
81
299
326
103
76
24
124
107
249
36
135
162
182
17
15
14
159
168
108
200
239
64
47
245
11
47
270
12
46
183
84
64
167
28
101
282
82
178
203
227
180
79
224
44
134
205
191
46
116
58
104
63
52
114
219
183
137
20
275
139
98
187
203
105
260
217
246
18
60
34
165
144
234
1
213
246
3
283
153
208
37
36
39
89
278
69
285
121
339
18
68
19
76
283
160
47
28
19
47
84
246
150
195
267
60
193
220
238
143
55
241
263
140
14
2
181
29
36
278
141
68
118
272
162
42
141
86
35
28
171
19
112
47
114
134
209
25
68
95
64
44
17
215
119
7
94
92
186
21
269
1
263
123
166
38
223
184
311
39
59
212
22
7
169
108
123
108
23
91
37
300
277
214
284
265
155
43
59
17
41
155
99
16
2
16
162
225
15
79
58
62
166
138
9
115
96
120
217
206
129
13
145
195
153
74
173
271
34
60
256
134
186
299
179
119
57
88
17
179
96
66
245
29
119
255
21
31
53
151
341
203
32
185
124
124
150
153
48
92
300
70
20
141
6
248
77
201
50
138
193
113
67
38
42
31
117
145
197
32
303
163
224
228
107
80
111
94
223
93
129
305
51
189
156
174
138
173
200
80
169
87
50
68
47
165
65
284
217
271
84
32
45
1
119
312
146
324
24
60
171
133
252
106
42
52
73
45
193
45
84
50
210
159
41
136
6
80
235
39
82
2
192
9
3
199
13
264
122
280
190
322
132
4
117
59
173
106
192
86
54
183
44
271
130
96
86
33
258
251
61
127
222
159
2
74
121
92
113
96
76
273
214
190
235
201
159
183
45
240
239
259
166
32
104
144
13
29
9
144
18
116
165
18
248
257
87
270
6
273
285
112
335
58
290
247
256
155
123
270
132
228
58
170
26
61
195
202
101
160
270
258
58
143
260
183
31
42
65
234
194
264
107
45
273
25
299
188
267
109
163
24
137
58
109
15
224
51
192
190
175
104
136
166
28
149
110
36
243
130
40
180
28
99
151
119
108
31
16
276
75
47
48
55
134
70
268
42
2
68
195
217
203
47
149
158
232
12
220
127
186
207
194
136
175
83
221
48
264
207
156
274
267
31
39
255
77
68
2
51
137
132
210
268
193
55
69
42
259
227
33
175
32
125
56
193
93
265
8
192
77
67
135
216
8
205
197
185
123
62
262
55
103
151
176
72
122
274
214
182
188
172
10
144
187
181
235
27
160
217
129
218
204
120
145
140
164
146
89
12
127
63
122
141
35
208
103
180
91
51
10
187
1
236
148
101
62
181
152
2
155
114
32
34
265
29
306
51
43
3
151
253
161
32
294
292
68
128
164
262
157
172
20
222
34
357
86
60
81
107
31
155
171
100
46
288
144
186
135
34
279
33
198
41
81
220
34
182
263
161
98
179
146
244
43
183
234
243
40
110
234
26
128
25
7
24
80
276
25
182
229
243
198
111
62
89
235
148
214
173
172
159
177
83
67
90
3
319
246
71
65
225
81
123
154
40
130
60
116
104
1
249
184
23
150
148
106
67
76
109
94
67
68
167
119
189
274
207
35
151
257
288
155
159
240
1
129
214
77
39
124
143
280
21
207
110
27
108
119
57
141
45
170
42
219
152
29
186
23
161
80
214
164
6
214
134
24
87
246
5
41
270
179
140
109
38
3
213
273
176
30
227
196
162
83
195
230
214
30
53
45
119
58
141
209
30
126
93
43
79
39
284
10
71
97
230
164
84
160
270
280
87
98
45
109
218
22
267
21
171
182
34
78
28
282
221
195
41
276
142
92
160
193
69
37
171
54
49
62
162
50
26
71
87
350
140
27
273
20
74
193
148
92
246
168
264
146
156
36
54
134
161
283
41
20
59
179
236
253
154
75
74
1
199
2
4
195
11
293
209
31
165
84
158
117
143
139
126
2
97
54
10
108
73
185
58
135
37
183
188
82
111
71
196
239
186
1
200
288
44
98
63
89
88
111
138
98
207
75
67
181
188
76
38
25
224
144
211
73
275
72
74
263
61
222
222
30
167
4
61
103
109
163
279
38
189
221
114
281
254
10
198
101
219
177
171
216
26
173
152
58
41
69
114
163
266
173
53
25
244
3
53
73
39
36
178
53
82
71
23
8
74
147
195
90
145
262
264
18
60
135
192
113
88
110
36
5
101
262
230
231
208
155
182
91
88
146
97
48
146
35
235
110
62
55
252
46
145
76
269
64
53
46
225
124
23
7
39
132
67
324
201
43
36
131
10
36
73
1
1
36
31
293
105
143
126
85
315
130
292
197
274
323
93
249
179
129
324
69
28
122
11
210
196
249
190
212
179
146
46
191
23
37
5
64
60
119
60
48
34
13
174
187
147
6
207
41
81
61
109
128
67
89
156
107
219
3
256
187
110
108
91
21
211
248
150
156
169
260
39
266
124
13
240
85
119
43
254
272
27
285
196
299
160
223
299
130
27
62
252
178
267
232
46
147
118
201
228
25
50
84
46
40
22
270
271
267
56
137
249
267
288
235
210
186
34
47
240
96
126
272
82
280
190
153
177
137
138
71
107
46
72
7
225
161
15
15
107
18
124
89
71
192
62
168
42
69
217
45
193
208
58
213
265
161
201
104
59
195
141
38
317
92
73
195
68
215
115
91
96
149
88
89
33
72
194
13
60
287
317
167
198
246
309
200
94
77
265
216
55
139
7
207
97
94
201
213
67
251
261
172
273
11
62
29
158
157
98
43
57
255
183
122
59
37
152
104
43
243
162
63
215
234
26
17
88
202
317
218
245
72
113
137
16
238
18
116
181
132
80
99
223
162
136
40
28
205
93
42
271
111
192
83
147
205
214
179
63
15
4
39
154
96
3
7
154
223
25
29
220
91
20
191
185
72
118
37
7
120
58
158
208
230
247
166
118
102
104
242
134
228
41
142
209
9
71
137
163
323
89
353
87
131
260
117
288
120
150
84
4
178
86
291
193
269
143
112
306
277
227
41
102
231
156
104
248
26
143
103
1
131
241
126
226
87
126
63
128
38
29
228
129
143
266
20
6
39
62
153
177
111
228
242
242
119
98
208
135
235
99
155
244
110
186
166
138
245
123
206
308
78
212
41
231
282
262
97
185
132
129
250
8
100
37
64
230
165
78
14
86
207
159
195
163
75
258
194
64
116
107
121
107
243
21
137
145
50
24
131
34
150
105
44
77
95
306
224
270
2
8
44
113
83
151
167
2
190
35
5
80
115
43
46
125
218
143
63
41
123
51
9
284
47
187
84
143
6
172
192
76
4
192
260
66
50
231
211
46
157
54
94
228
17
261
162
199
101
197
192
284
14
95
272
156
105
184
254
74
196
154
285
94
153
5
151
238
96
285
8
210
109
16
182
43
147
80
254
42
148
124
190
236
217
3
253
30
48
162
184
1
18
241
274
159
120
228
84
160
85
258
105
181
207
159
136
189
61
202
116
304
241
229
74
248
232
118
157
135
86
245
101
167
197
78
70
338
283
35
222
171
10
70
254
182
95
217
119
221
345
47
202
187
34
263
34
10
144
232
259
16
1
112
242
194
147
55
63
204
67
61
236
124
151
261
36
117
52
24
52
201
61
121
18
171
165
92
227
218
39
8
98
207
69
113
60
15
282
263
27
207
171
228
239
316
9
7
83
26
155
123
165
7
141
80
264
35
44
208
198
181
150
278
291
33
165
57
116
24
153
190
139
170
77
259
65
162
31
128
281
181
202
282
62
234
104
145
53
2
83
203
121
23
322
243
34
139
66
264
263
183
182
138
118
32
270
150
135
195
118
16
148
11
117
110
10
34
81
136
35
46
74
5
117
13
22
82
270
48
249
209
69
311
97
276
22
70
20
105
146
141
256
248
79
8
18
203
306
74
236
82
45
26
23
316
204
61
197
143
55
76
71
64
138
94
114
149
30
147
27
229
143
196
151
51
107
244
180
125
254
238
183
102
160
113
144
3
86
153
53
147
5
162
132
201
161
95
52
158
125
101
75
22
211
308
109
146
52
39
161
302
55
163
123
65
12
116
122
128
229
367
14
288
139
168
268
19
309
267
56
64
16
101
24
26
32
283
174
338
167
148
31
324
93
151
21
116
95
100
237
155
101
36
207
20
259
319
87
239
157
22
190
6
257
215
56
77
75
280
62
28
163
161
112
188
161
223
236
158
339
149
278
99
322
104
100
137
20
252
17
63
235
16
247
346
76
189
115
13
2
191
223
275
241
299
212
52
265
84
270
264
219
13
22
66
34
51
178
104
4
31
124
226
99
249
151
271
206
156
18
198
155
67
174
148
65
8
42
211
14
217
26
227
235
357
216
231
194
295
79
207
31
216
77
226
193
279
170
197
276
227
14
266
186
143
221
55
117
116
131
166
18
268
34
273
174
9
284
13
174
245
326
203
49
61
99
75
7
54
135
170
261
245
168
88
38
238
69
86
39
197
30
4
37
181
15
44
2
54
73
165
229
265
39
249
127
221
281
75
189
182
27
205
276
125
274
280
196
86
69
250
101
21
197
109
112
217
236
250
113
273
140
245
135
102
121
207
141
4
80
16
83
225
38
183
238
33
217
2
181
54
40
321
34
35
69
115
250
17
246
19
69
167
28
18
62
252
45
26
33
124
187
56
96
38
173
161
58
91
237
177
32
124
216
65
151
7
77
217
94
102
255
36
169
193
182
34
17
84
84
246
141
60
190
68
231
4
246
217
206
231
3
147
150
206
35
279
139
180
16
250
79
8
270
264
98
78
204
98
154
4
177
210
170
111
91
123
22
234
150
104
167
119
34
126
136
147
6
132
33
22
287
240
183
150
84
166
71
168
281
117
88
111
96
282
54
302
222
65
281
241
117
83
257
226
236
280
325
33
251
215
53
15
121
220
107
146
179
69
240
110
147
204
244
72
333
168
211
140
267
234
141
176
216
268
38
112
127
156
23
258
68
23
270
5
54
157
32
190
268
244
40
44
194
142
64
235
252
130
174
250
55
163
150
46
150
91
247
209
252
11
18
204
147
194
150
133
245
230
26
263
240
6
195
269
79
23
91
124
151
59
275
195
130
132
66
14
202
232
88
352
83
282
37
145
233
32
179
167
260
83
171
41
13
66
164
218
60
269
60
136
145
277
81
242
276
279
8
208
226
137
72
14
225
126
128
38
58
81
195
63
273
259
123
151
17
217
124
95
61
91
115
83
85
135
48
155
68
43
309
225
138
15
24
57
16
128
129
14
35
211
69
35
225
116
234
35
353
16
326
219
145
93
161
319
67
159
34
86
271
32
322
173
23
260
109
79
133
228
234
179
35
278
71
1
73
12
116
86
35
65
152
4
217
77
1
32
243
154
212
60
151
231
74
236
27
69
127
30
14
12
259
73
39
273
282
92
66
159
67
172
258
25
65
264
24
238
36
111
135
195
116
17
13
169
329
10
296
129
117
339
259
44
111
225
156
117
197
279
95
12
232
176
103
37
9
160
108
100
160
40
211
88
63
24
23
80
236
41
211
80
183
68
4
190
133
37
137
313
189
118
22
152
54
187
19
9
9
30
38
166
17
100
289
18
140
22
251
16
1
14
196
5
115
2
281
16
7
55
10
100
158
2
88
157
175
275
193
221
42
215
254
273
195
123
249
105
207
195
10
154
211
251
53
17
149
68
216
236
130
142
186
142
280
114
188
11
94
119
169
122
271
35
284
171
174
74
302
250
118
25
144
107
149
1
145
200
210
98
152
73
211
91
273
90
89
180
159
202
38
178
77
81
40
260
348
246
80
87
191
266
127
290
88
13
161
144
15
40
114
291
300
275
93
92
275
156
63
23
91
218
236
7
129
257
212
142
55
77
122
184
170
23
274
263
90
103
84
183
306
152
287
123
90
148
127
22
181
260
237
155
81
265
64
250
270
168
18
175
166
75
7
279
187
5
8
182
56
19
284
291
145
66
150
142
251
97
188
148
61
266
106
57
255
139
2
112
99
37
62
92
108
178
122
180
261
221
150
27
17
233
120
15
254
253
123
81
45
236
62
59
77
94
176
117
87
110
146
291
173
180
105
202
50
21
119
21
259
140
202
140
9
281
136
35
99
124
56
120
243
209
234
46
259
231
28
93
194
93
117
276
191
200
40
248
88
119
42
95
167
120
166
103
131
253
275
184
300
162
18
36
138
42
36
8
177
41
265
173
290
251
216
205
82
13
159
102
99
316
96
191
268
85
239
52
91
173
50
140
194
37
175
135
226
23
269
213
143
18
38
218
73
256
167
27
230
18
26
144
78
82
18
141
111
4
221
200
302
161
33
174
181
8
238
77
245
30
62
145
71
35
130
11
214
212
159
64
11
43
270
73
93
189
201
285
71
173
184
51
230
212
239
42
67
240
244
231
182
223
101
253
171
117
208
120
134
118
304
27
267
97
226
40
49
265
12
1
166
179
166
49
188
259
6
222
258
45
136
222
52
197
165
231
67
60
227
26
272
247
51
270
177
232
67
11
2
48
179
167
273
49
77
228
81
168
248
166
151
252
56
104
195
205
144
199
112
109
87
206
22
293
292
193
170
212
64
254
72
226
170
96
56
95
5
138
99
284
252
173
193
124
222
275
118
172
161
10
225
244
355
25
152
153
176
66
170
30
204
107
15
275
117
194
246
224
195
8
108
134
152
145
233
254
32
75
95
174
35
116
302
60
70
16
202
89
217
107
237
138
247
99
173
74
61
206
215
151
21
85
287
55
125
35
279
51
197
252
59
254
95
79
96
135
212
85
130
151
91
85
263
75
26
85
289
42
36
21
84
1
146
127
26
20
1
63
111
217
22
114
198
98
205
85
90
152
202
173
50
128
116
238
162
57
5
70
195
44
129
230
106
97
198
284
56
151
224
168
127
204
160
243
50
93
14
149
62
67
82
150
100
283
52
61
40
311
297
137
242
121
189
215
119
121
54
272
72
121
149
72
220
95
235
29
14
2
197
70
154
137
54
185
157
25
141
150
231
256
194
236
186
29
194
31
260
264
116
62
9
131
269
55
160
22
68
283
203
77
243
37
131
69
53
6
251
173
212
148
63
185
103
156
13
296
145
45
255
27
58
271
27
125
3
1
17
116
45
43
91
158
103
118
136
138
134
158
9
4
145
62
217
189
76
31
147
193
139
24
94
112
276
264
83
276
79
132
329
237
22
8
210
140
55
51
9
129
301
241
186
145
306
256
7
221
193
264
157
28
282
44
153
228
61
83
287
197
195
125
120
11
129
148
210
151
12
233
145
113
89
80
18
16
4
203
130
136
75
174
66
169
194
198
68
185
264
24
56
39
293
166
36
272
164
166
143
127
283
20
290
173
140
199
316
23
160
178
286
22
131
2
62
79
38
170
74
281
146
142
124
104
72
157
62
198
45
225
232
324
211
251
114
266
169
236
250
59
244
24
35
245
93
217
160
155
50
5
37
206
262
327
36
151
219
310
44
76
214
17
155
66
70
80
148
151
22
22
266
187
12
97
349
277
269
138
66
38
219
86
169
261
191
186
93
183
31
114
58
245
9
63
14
270
340
76
119
42
225
242
39
59
182
135
238
233
296
217
216
100
192
261
21
136
26
116
27
61
275
2
353
68
151
240
124
284
212
53
139
71
31
170
15
143
181
18
90
237
185
149
55
11
109
45
213
10
164
247
186
138
109
41
34
161
163
94
15
117
85
185
119
71
155
62
67
180
119
200
226
105
142
106
166
139
113
3
308
270
92
230
165
29
81
168
93
187
37
153
241
211
41
101
213
44
231
250
315
281
227
199
266
262
24
254
281
133
78
9
177
234
241
165
293
48
19
64
240
142
168
189
137
291
276
216
93
74
95
68
298
17
2
43
192
2
95
138
92
194
41
235
7
134
13
109
142
108
109
206
91
43
144
21
190
6
204
82
195
107
135
102
233
28
40
211
30
175
291
250
262
78
231
72
32
77
146
69
12
111
23
125
80
24
43
174
102
14
118
180
156
122
11
30
238
136
26
88
169
56
95
80
225
83
210
299
153
165
80
265
94
269
271
85
57
32
209
59
189
9
103
21
123
169
44
109
142
218
139
246
22
215
196
94
123
134
75
43
301
282
97
6
288
90
164
108
240
210
49
148
40
295
81
137
99
203
297
155
37
113
216
9
111
162
101
161
32
161
1
306
138
264
67
36
85
39
205
72
44
6
137
126
102
21
67
293
292
4
37
91
81
317
15
155
293
24
134
28
164
55
43
42
78
22
261
193
73
163
155
250
73
243
46
46
68
29
47
193
284
78
239
257
101
108
97
178
22
127
47
57
182
196
198
203
358
77
84
202
5
2
131
175
22
276
178
183
101
141
130
38
6
173
242
84
187
7
187
130
262
12
312
155
39
139
313
42
3
156
324
162
98
83
120
79
283
103
52
215
222
98
90
9
118
20
36
41
55
4
102
82
20
281
177
39
283
112
245
108
262
179
93
58
285
56
92
110
152
169
305
6
47
232
237
207
164
123
223
5
28
24
249
64
150
356
212
175
88
303
106
324
15
61
231
50
100
253
2
76
54
35
172
83
151
163
156
280
174
84
22
31
111
260
18
77
214
312
45
13
248
136
125
212
94
26
296
297
255
86
67
220
223
79
197
195
41
59
215
96
21
212
144
217
94
41
187
183
64
206
189
185
213
267
48
14
286
202
201
203
280
69
278
205
52
27
165
11
205
104
140
280
313
162
278
270
245
18
161
86
227
14
20
13
201
21
92
28
46
134
144
242
161
84
139
125
73
196
49
122
20
273
221
248
65
71
42
222
86
159
166
65
243
223
233
16
345
217
83
32
49
108
56
60
111
43
53
125
365
76
260
153
54
224
9
216
16
199
156
6
143
258
263
16
26
57
173
97
30
223
254
59
43
60
78
300
78
85
51
283
269
154
32
54
43
223
197
92
159
146
63
202
163
217
189
193
47
278
151
12
201
117
38
55
222
32
243
123
25
31
28
120
325
37
169
51
175
270
166
44
10
105
257
197
154
66
155
34
207
5
233
70
26
258
126
272
262
133
215
174
132
161
43
199
234
57
62
204
120
150
100
31
98
13
87
263
223
261
280
7
126
188
29
46
161
229
51
204
73
54
138
305
83
258
28
24
16
204
65
14
157
140
308
122
238
140
215
363
99
99
6
80
160
25
7
145
6
63
264
346
94
148
29
321
161
151
88
63
22
201
35
297
100
84
75
117
28
119
34
160
130
126
119
275
255
101
327
133
11
108
212
64
169
237
126
103
90
186
10
6
249
209
124
90
281
220
29
111
46
62
14
66
73
126
44
28
27
136
229
149
91
127
